1 0.250000 0.863281 0.039062 0.031250
1 0.988281 0.666016 0.023438 0.035156
0 0.041016 0.316406 0.074219 0.085938
0 0.234375 0.322266 0.296875 0.113281
0 0.232422 0.789062 0.261719 0.125000
0 0.892578 0.400391 0.214844 0.160156
0 0.138672 0.093750 0.269531 0.179688
0 0.888672 0.201172 0.222656 0.230469
0 0.365234 0.142578 0.214844 0.160156
0 0.646484 0.074219 0.425781 0.140625
0 0.935547 0.960938 0.128906 0.078125
0 0.441406 0.591797 0.265625 0.371094
0 0.468750 0.853516 0.375000 0.292969
0 0.687500 0.867188 0.546875 0.265625
0 0.748047 0.628906 0.363281 0.328125
