0 0.205078 0.259766 0.175781 0.105469
0 0.220703 0.480469 0.074219 0.070312
0 0.484375 0.511719 0.179688 0.164062
0 0.324219 0.673828 0.164062 0.269531
0 0.482422 0.738281 0.316406 0.164062
0 0.601562 0.802734 0.156250 0.144531
0 0.771484 0.777344 0.207031 0.171875
0 0.916016 0.332031 0.167969 0.117188
0 0.513672 0.054688 0.285156 0.101562
0 0.812500 0.162109 0.234375 0.175781
0 0.398438 0.199219 0.265625 0.234375
1 0.654297 0.058594 0.050781 0.062500
0 0.962891 0.099609 0.074219 0.136719
0 0.929688 0.908203 0.140625 0.175781
0 0.654297 0.503906 0.152344 0.140625
0 0.662109 0.396484 0.152344 0.066406
0 0.343750 0.359375 0.171875 0.078125
0 0.740234 0.312500 0.105469 0.140625
