0 0.234375 0.125000 0.187500 0.156250
0 0.933594 0.044922 0.132812 0.082031
1 0.625000 0.169922 0.046875 0.050781
1 0.166016 0.398438 0.042969 0.046875
1 0.248047 0.560547 0.042969 0.035156
1 0.238281 0.685547 0.039062 0.066406
1 0.839844 0.933594 0.023438 0.039062
1 0.568359 0.275391 0.035156 0.042969
0 0.451172 0.140625 0.316406 0.273438
0 0.587891 0.314453 0.261719 0.417969
0 0.197266 0.525391 0.386719 0.175781
0 0.322266 0.687500 0.394531 0.414062
0 0.292969 0.919922 0.140625 0.113281
0 0.458984 0.925781 0.222656 0.148438
0 0.855469 0.558594 0.273438 0.132812
0 0.761719 0.861328 0.273438 0.136719
0 0.935547 0.837891 0.128906 0.324219
