1 0.888672 0.109375 0.042969 0.039062
1 0.619141 0.052734 0.050781 0.050781
1 0.673828 0.193359 0.058594 0.042969
1 0.699219 0.250000 0.046875 0.054688
1 0.492188 0.048828 0.039062 0.035156
1 0.931641 0.638672 0.050781 0.042969
1 0.882812 0.527344 0.031250 0.031250
1 0.816406 0.966797 0.031250 0.035156
1 0.437500 0.601562 0.031250 0.031250
1 0.328125 0.525391 0.031250 0.035156
1 0.859375 0.218750 0.046875 0.046875
1 0.232422 0.371094 0.042969 0.054688
1 0.109375 0.322266 0.046875 0.042969
1 0.289062 0.371094 0.031250 0.031250
1 0.341797 0.384766 0.027344 0.027344
1 0.273438 0.341797 0.039062 0.027344
1 0.357422 0.281250 0.035156 0.023438
0 0.474609 0.285156 0.230469 0.156250
0 0.400391 0.468750 0.144531 0.164062
1 0.316406 0.482422 0.054688 0.035156
0 0.750000 0.835938 0.101562 0.117188
0 0.935547 0.324219 0.128906 0.218750
0 0.931641 0.205078 0.136719 0.175781
0 0.796875 0.146484 0.117188 0.121094
0 0.783203 0.058594 0.183594 0.109375
