1 0.939453 0.042969 0.050781 0.054688
1 0.837891 0.068359 0.066406 0.066406
1 0.849609 0.449219 0.050781 0.054688
1 0.103516 0.210938 0.027344 0.031250
0 0.929688 0.619141 0.140625 0.152344
0 0.839844 0.226562 0.140625 0.257812
0 0.685547 0.154297 0.238281 0.199219
0 0.931641 0.353516 0.136719 0.160156
0 0.871094 0.837891 0.257812 0.238281
0 0.466797 0.869141 0.082031 0.136719
0 0.630859 0.777344 0.261719 0.265625
0 0.798828 0.019531 0.082031 0.031250
0 0.761719 0.529297 0.148438 0.246094
0 0.585938 0.447266 0.273438 0.363281
0 0.394531 0.513672 0.148438 0.339844
0 0.234375 0.587891 0.164062 0.089844
0 0.023438 0.384766 0.039062 0.113281
0 0.107422 0.357422 0.160156 0.324219
0 0.023438 0.601562 0.039062 0.078125
0 0.035156 0.738281 0.062500 0.226562
0 0.115234 0.791016 0.144531 0.199219
0 0.224609 0.912109 0.074219 0.175781
0 0.335938 0.910156 0.132812 0.179688
