1 0.529297 0.203125 0.089844 0.062500
1 0.589844 0.177734 0.054688 0.042969
1 0.687500 0.109375 0.031250 0.039062
1 0.285156 0.341797 0.039062 0.035156
1 0.173828 0.365234 0.050781 0.058594
1 0.132812 0.529297 0.046875 0.042969
1 0.035156 0.894531 0.031250 0.046875
0 0.900391 0.611328 0.199219 0.207031
0 0.140625 0.281250 0.273438 0.328125
0 0.488281 0.445312 0.187500 0.226562
0 0.455078 0.353516 0.355469 0.316406
0 0.179688 0.437500 0.101562 0.078125
0 0.236328 0.541016 0.160156 0.144531
0 0.759766 0.097656 0.238281 0.187500
0 0.935547 0.064453 0.128906 0.121094
