0 0.337891 0.484375 0.199219 0.132812
0 0.136719 0.267578 0.242188 0.199219
0 0.888672 0.041016 0.105469 0.074219
0 0.841797 0.828125 0.316406 0.171875
0 0.738281 0.537109 0.101562 0.058594
0 0.767578 0.601562 0.113281 0.085938
0 0.880859 0.617188 0.152344 0.234375
0 0.566406 0.728516 0.367188 0.207031
0 0.902344 0.369141 0.117188 0.074219
0 0.730469 0.398438 0.367188 0.132812
0 0.531250 0.326172 0.351562 0.136719
0 0.583984 0.154297 0.121094 0.105469
0 0.687500 0.158203 0.148438 0.144531
0 0.900391 0.222656 0.199219 0.203125
1 0.785156 0.705078 0.054688 0.042969
1 0.966797 0.857422 0.027344 0.035156
1 0.558594 0.244141 0.046875 0.035156
0 0.816406 0.203125 0.156250 0.117188
