0 0.535156 0.750000 0.078125 0.179688
0 0.722656 0.880859 0.265625 0.207031
0 0.716797 0.701172 0.152344 0.152344
0 0.281250 0.681641 0.171875 0.207031
0 0.085938 0.904297 0.164062 0.183594
0 0.056641 0.087891 0.105469 0.167969
0 0.937500 0.208984 0.078125 0.082031
0 0.900391 0.361328 0.097656 0.097656
0 0.970703 0.720703 0.058594 0.128906
0 0.886719 0.703125 0.125000 0.281250
0 0.779297 0.537109 0.199219 0.183594
0 0.896484 0.058594 0.152344 0.109375
0 0.652344 0.111328 0.335938 0.214844
0 0.068359 0.271484 0.128906 0.160156
0 0.244141 0.277344 0.222656 0.203125
0 0.404297 0.451172 0.386719 0.324219
1 0.822266 0.382812 0.042969 0.039062
1 0.167969 0.460938 0.039062 0.039062
1 0.224609 0.482422 0.074219 0.074219
1 0.191406 0.337891 0.031250 0.035156
