1 0.593750 0.076172 0.023438 0.027344
1 0.642578 0.101562 0.050781 0.054688
1 0.687500 0.152344 0.062500 0.046875
1 0.818359 0.093750 0.089844 0.054688
1 0.642578 0.212891 0.089844 0.042969
1 0.498047 0.136719 0.035156 0.062500
1 0.437500 0.484375 0.039062 0.039062
1 0.437500 0.449219 0.039062 0.031250
1 0.523438 0.439453 0.023438 0.027344
1 0.527344 0.814453 0.031250 0.035156
1 0.423828 0.833984 0.042969 0.035156
1 0.982422 0.599609 0.035156 0.050781
1 0.419922 0.015625 0.050781 0.023438
1 0.203125 0.525391 0.046875 0.042969
0 0.091797 0.140625 0.167969 0.171875
0 0.185547 0.326172 0.363281 0.128906
0 0.263672 0.531250 0.199219 0.164062
0 0.724609 0.066406 0.136719 0.125000
0 0.480469 0.197266 0.164062 0.128906
0 0.296875 0.156250 0.203125 0.210938
0 0.160156 0.884766 0.109375 0.074219
0 0.332031 0.839844 0.148438 0.187500
0 0.544922 0.955078 0.121094 0.089844
0 0.875000 0.634766 0.125000 0.144531
0 0.855469 0.814453 0.171875 0.222656
0 0.644531 0.681641 0.226562 0.308594
0 0.626953 0.410156 0.308594 0.265625
1 0.742188 0.259766 0.054688 0.042969
0 0.755859 0.214844 0.121094 0.078125
0 0.875000 0.189453 0.164062 0.089844
0 0.919922 0.367188 0.160156 0.257812
0 0.843750 0.375000 0.117188 0.140625
