1 0.773438 0.398438 0.078125 0.070312
1 0.650391 0.414062 0.035156 0.039062
1 0.794922 0.544922 0.050781 0.058594
0 0.693359 0.156250 0.136719 0.132812
0 0.753906 0.746094 0.117188 0.164062
0 0.882812 0.478516 0.234375 0.121094
0 0.042969 0.085938 0.078125 0.125000
0 0.029297 0.257812 0.050781 0.070312
0 0.041016 0.929688 0.074219 0.140625
0 0.505859 0.935547 0.472656 0.128906
0 0.951172 0.960938 0.097656 0.078125
0 0.494141 0.039062 0.128906 0.070312
0 0.154297 0.300781 0.121094 0.093750
0 0.275391 0.250000 0.136719 0.132812
0 0.476562 0.119141 0.226562 0.152344
0 0.406250 0.250000 0.164062 0.156250
0 0.287109 0.425781 0.175781 0.171875
0 0.091797 0.640625 0.082031 0.078125
0 0.197266 0.609375 0.152344 0.210938
0 0.171875 0.917969 0.195312 0.164062
0 0.228516 0.761719 0.253906 0.187500
0 0.367188 0.488281 0.218750 0.359375
