1 0.646484 0.074219 0.042969 0.039062
1 0.630859 0.033203 0.042969 0.042969
1 0.964844 0.228516 0.046875 0.050781
1 0.769531 0.291016 0.085938 0.042969
1 0.707031 0.248047 0.031250 0.027344
1 0.607422 0.175781 0.027344 0.039062
1 0.570312 0.167969 0.039062 0.031250
1 0.509766 0.294922 0.042969 0.058594
1 0.458984 0.326172 0.042969 0.027344
1 0.587891 0.488281 0.035156 0.023438
1 0.650391 0.529297 0.058594 0.042969
1 0.679688 0.505859 0.031250 0.019531
1 0.689453 0.341797 0.035156 0.035156
1 0.800781 0.332031 0.031250 0.023438
1 0.775391 0.371094 0.058594 0.031250
1 0.724609 0.408203 0.121094 0.042969
1 0.724609 0.455078 0.042969 0.050781
1 0.771484 0.468750 0.042969 0.062500
1 0.623047 0.714844 0.050781 0.039062
1 0.332031 0.744141 0.031250 0.035156
1 0.359375 0.832031 0.031250 0.031250
1 0.296875 0.806641 0.070312 0.058594
1 0.197266 0.736328 0.058594 0.066406
1 0.263672 0.876953 0.035156 0.035156
1 0.849609 0.398438 0.074219 0.046875
0 0.884766 0.291016 0.136719 0.191406
0 0.244141 0.914062 0.089844 0.101562
0 0.345703 0.947266 0.222656 0.105469
