1 0.214844 0.609375 0.039062 0.039062
1 0.650391 0.410156 0.027344 0.046875
1 0.875000 0.416016 0.039062 0.035156
1 0.857422 0.431641 0.035156 0.042969
1 0.824219 0.615234 0.054688 0.074219
1 0.345703 0.189453 0.050781 0.035156
1 0.337891 0.128906 0.042969 0.039062
1 0.480469 0.300781 0.023438 0.023438
1 0.755859 0.818359 0.027344 0.027344
1 0.320312 0.039062 0.046875 0.046875
1 0.103516 0.015625 0.027344 0.023438
1 0.023438 0.978516 0.039062 0.042969
0 0.240234 0.880859 0.160156 0.238281
0 0.031250 0.890625 0.054688 0.140625
