1 0.882812 0.246094 0.039062 0.031250
1 0.791016 0.126953 0.035156 0.027344
1 0.857422 0.101562 0.035156 0.046875
1 0.554688 0.285156 0.054688 0.070312
1 0.820312 0.060547 0.062500 0.074219
1 0.818359 0.156250 0.050781 0.054688
1 0.367188 0.666016 0.031250 0.035156
1 0.363281 0.726562 0.039062 0.046875
1 0.455078 0.837891 0.035156 0.035156
1 0.175781 0.876953 0.031250 0.035156
1 0.373047 0.894531 0.058594 0.039062
1 0.626953 0.785156 0.027344 0.031250
1 0.681641 0.962891 0.042969 0.050781
1 0.716797 0.972656 0.027344 0.039062
1 0.816406 0.951172 0.031250 0.027344
0 0.910156 0.166016 0.101562 0.089844
0 0.945312 0.087891 0.109375 0.167969
1 0.902344 0.103516 0.046875 0.058594
0 0.117188 0.916016 0.226562 0.167969
0 0.904297 0.931641 0.191406 0.136719
0 0.763672 0.763672 0.097656 0.160156
0 0.904297 0.791016 0.191406 0.214844
1 0.978516 0.230469 0.042969 0.070312
