1 0.318359 0.144531 0.050781 0.031250
1 0.505859 0.367188 0.082031 0.062500
1 0.484375 0.433594 0.046875 0.046875
1 0.292969 0.714844 0.054688 0.039062
1 0.486328 0.558594 0.035156 0.031250
1 0.664062 0.662109 0.039062 0.027344
1 0.691406 0.648438 0.031250 0.031250
1 0.957031 0.621094 0.031250 0.031250
1 0.980469 0.623047 0.031250 0.035156
1 0.830078 0.687500 0.058594 0.039062
1 0.810547 0.724609 0.027344 0.027344
1 0.878906 0.716797 0.046875 0.035156
1 0.916016 0.703125 0.050781 0.039062
1 0.933594 0.818359 0.085938 0.042969
1 0.535156 0.638672 0.046875 0.035156
1 0.570312 0.650391 0.054688 0.042969
1 0.615234 0.683594 0.058594 0.039062
1 0.646484 0.732422 0.050781 0.042969
1 0.281250 0.968750 0.046875 0.023438
1 0.292969 0.902344 0.031250 0.031250
1 0.345703 0.873047 0.042969 0.035156
1 0.406250 0.859375 0.054688 0.039062
1 0.546875 0.955078 0.054688 0.035156
1 0.468750 0.824219 0.023438 0.023438
1 0.513672 0.810547 0.042969 0.050781
1 0.568359 0.787109 0.058594 0.050781
1 0.583984 0.732422 0.082031 0.066406
1 0.537109 0.685547 0.074219 0.058594
1 0.464844 0.656250 0.039062 0.031250
1 0.474609 0.701172 0.042969 0.042969
1 0.501953 0.730469 0.050781 0.031250
1 0.828125 0.810547 0.031250 0.027344
1 0.968750 0.941406 0.062500 0.046875
0 0.740234 0.781250 0.128906 0.085938
0 0.886719 0.865234 0.226562 0.097656
0 0.505859 0.900391 0.128906 0.121094
0 0.826172 0.906250 0.300781 0.187500
0 0.671875 0.888672 0.257812 0.207031
