1 0.798828 0.837891 0.050781 0.035156
1 0.275391 0.623047 0.050781 0.042969
1 0.132812 0.683594 0.046875 0.031250
1 0.203125 0.792969 0.046875 0.039062
1 0.150391 0.798828 0.042969 0.027344
1 0.054688 0.783203 0.046875 0.042969
1 0.013672 0.892578 0.019531 0.035156
1 0.050781 0.902344 0.039062 0.031250
1 0.142578 0.947266 0.035156 0.019531
1 0.283203 0.955078 0.066406 0.050781
1 0.230469 0.890625 0.085938 0.046875
1 0.146484 0.976562 0.058594 0.046875
1 0.076172 0.972656 0.089844 0.054688
1 0.894531 0.908203 0.070312 0.074219
1 0.451172 0.679688 0.035156 0.031250
1 0.626953 0.720703 0.027344 0.027344
1 0.214844 0.718750 0.039062 0.031250
1 0.435547 0.951172 0.066406 0.035156
1 0.203125 0.855469 0.078125 0.046875
0 0.371094 0.785156 0.273438 0.320312
0 0.664062 0.814453 0.367188 0.269531
0 0.738281 0.978516 0.195312 0.042969
0 0.914062 0.962891 0.171875 0.066406
