1 0.304688 0.335938 0.093750 0.054688
1 0.302734 0.294922 0.027344 0.027344
1 0.326172 0.224609 0.035156 0.027344
1 0.652344 0.203125 0.054688 0.062500
1 0.781250 0.083984 0.023438 0.027344
1 0.568359 0.453125 0.027344 0.031250
1 0.492188 0.419922 0.039062 0.027344
1 0.365234 0.449219 0.027344 0.023438
1 0.812500 0.718750 0.023438 0.031250
1 0.845703 0.820312 0.050781 0.046875
1 0.525391 0.568359 0.050781 0.042969
1 0.753906 0.337891 0.101562 0.042969
0 0.509766 0.232422 0.207031 0.128906
0 0.669922 0.447266 0.238281 0.261719
0 0.369141 0.267578 0.097656 0.058594
