1 0.201172 0.767578 0.042969 0.042969
1 0.552734 0.482422 0.035156 0.042969
1 0.519531 0.251953 0.031250 0.027344
1 0.468750 0.236328 0.046875 0.035156
1 0.494141 0.294922 0.042969 0.035156
1 0.513672 0.322266 0.027344 0.019531
1 0.599609 0.302734 0.042969 0.042969
1 0.656250 0.275391 0.054688 0.050781
1 0.552734 0.267578 0.058594 0.058594
1 0.603516 0.185547 0.050781 0.027344
1 0.464844 0.093750 0.062500 0.039062
1 0.478516 0.128906 0.042969 0.031250
1 0.640625 0.037109 0.046875 0.042969
1 0.755859 0.037109 0.058594 0.042969
1 0.433594 0.029297 0.031250 0.035156
1 0.357422 0.080078 0.035156 0.035156
