1 0.257812 0.765625 0.039062 0.039062
1 0.031250 0.662109 0.039062 0.027344
1 0.314453 0.822266 0.027344 0.019531
1 0.425781 0.916016 0.023438 0.027344
1 0.441406 0.941406 0.031250 0.031250
1 0.679688 0.841797 0.031250 0.035156
1 0.585938 0.847656 0.039062 0.039062
1 0.693359 0.726562 0.042969 0.046875
1 0.837891 0.791016 0.035156 0.035156
1 0.873047 0.775391 0.035156 0.027344
1 0.849609 0.652344 0.027344 0.039062
1 0.882812 0.593750 0.031250 0.031250
1 0.820312 0.560547 0.046875 0.035156
1 0.748047 0.417969 0.042969 0.046875
1 0.748047 0.474609 0.027344 0.027344
1 0.693359 0.541016 0.035156 0.035156
1 0.673828 0.630859 0.050781 0.042969
1 0.625000 0.681641 0.054688 0.050781
1 0.597656 0.554688 0.046875 0.039062
1 0.595703 0.488281 0.042969 0.031250
1 0.529297 0.511719 0.089844 0.046875
1 0.474609 0.496094 0.042969 0.039062
1 0.462891 0.542969 0.066406 0.046875
1 0.376953 0.515625 0.066406 0.039062
1 0.376953 0.425781 0.035156 0.031250
1 0.324219 0.433594 0.039062 0.031250
1 0.271484 0.458984 0.042969 0.035156
1 0.841797 0.296875 0.035156 0.023438
1 0.857422 0.255859 0.035156 0.042969
1 0.906250 0.242188 0.039062 0.031250
1 0.865234 0.164062 0.050781 0.062500
1 0.595703 0.089844 0.042969 0.031250
1 0.644531 0.054688 0.062500 0.039062
1 0.656250 0.019531 0.039062 0.031250
1 0.710938 0.017578 0.046875 0.027344
1 0.695312 0.072266 0.070312 0.066406
0 0.812500 0.050781 0.148438 0.093750
0 0.937500 0.048828 0.125000 0.089844
0 0.181641 0.466797 0.136719 0.105469
0 0.066406 0.582031 0.093750 0.085938
0 0.146484 0.830078 0.222656 0.082031
0 0.201172 0.929688 0.394531 0.140625
0 0.287109 0.589844 0.207031 0.125000
0 0.505859 0.605469 0.222656 0.132812
0 0.458984 0.750000 0.269531 0.250000
0 0.945312 0.199219 0.109375 0.195312
