0 0.306641 0.625000 0.144531 0.304688
0 0.384766 0.957031 0.160156 0.085938
0 0.712891 0.931641 0.128906 0.136719
0 0.656250 0.433594 0.429688 0.250000
0 0.878906 0.806641 0.078125 0.144531
0 0.958984 0.935547 0.082031 0.097656
0 0.750000 0.740234 0.195312 0.167969
1 0.892578 0.964844 0.042969 0.031250
1 0.757812 0.601562 0.046875 0.039062
1 0.869141 0.199219 0.027344 0.031250
0 0.822266 0.609375 0.097656 0.093750
1 0.900391 0.080078 0.035156 0.035156
1 0.937500 0.066406 0.031250 0.031250
1 0.982422 0.031250 0.035156 0.039062
1 0.027344 0.455078 0.046875 0.050781
0 0.148438 0.425781 0.132812 0.093750
