0 0.136719 0.755859 0.140625 0.402344
0 0.562500 0.568359 0.164062 0.230469
0 0.570312 0.052734 0.250000 0.097656
0 0.953125 0.376953 0.078125 0.105469
0 0.736328 0.474609 0.277344 0.300781
0 0.632812 0.896484 0.148438 0.207031
0 0.802734 0.814453 0.152344 0.371094
0 0.904297 0.880859 0.191406 0.238281
1 0.833984 0.269531 0.042969 0.046875
1 0.884766 0.328125 0.066406 0.046875
1 0.810547 0.333984 0.082031 0.050781
1 0.812500 0.185547 0.031250 0.042969
1 0.664062 0.199219 0.023438 0.031250
1 0.759766 0.400391 0.042969 0.027344
1 0.914062 0.583984 0.031250 0.035156
1 0.894531 0.560547 0.023438 0.035156
1 0.941406 0.689453 0.031250 0.027344
1 0.976562 0.751953 0.039062 0.042969
1 0.951172 0.779297 0.042969 0.027344
1 0.906250 0.957031 0.046875 0.023438
1 0.560547 0.806641 0.066406 0.097656
