1 0.492188 0.539062 0.046875 0.046875
1 0.478516 0.455078 0.027344 0.027344
1 0.916016 0.851562 0.066406 0.085938
1 0.972656 0.839844 0.054688 0.062500
1 0.148438 0.382812 0.046875 0.046875
1 0.117188 0.427734 0.046875 0.042969
0 0.671875 0.472656 0.179688 0.132812
0 0.769531 0.849609 0.335938 0.285156
0 0.101562 0.224609 0.195312 0.113281
0 0.531250 0.287109 0.203125 0.144531
0 0.373047 0.304688 0.191406 0.195312
0 0.355469 0.464844 0.195312 0.218750
0 0.429688 0.830078 0.281250 0.261719
0 0.476562 0.654297 0.187500 0.191406
0 0.248047 0.789062 0.167969 0.148438
0 0.220703 0.611328 0.183594 0.269531
0 0.085938 0.656250 0.164062 0.437500
