1 0.912109 0.339844 0.027344 0.023438
1 0.679688 0.302734 0.046875 0.058594
1 0.929688 0.748047 0.031250 0.027344
1 0.859375 0.966797 0.039062 0.035156
1 0.630859 0.800781 0.027344 0.015625
1 0.693359 0.652344 0.050781 0.031250
1 0.511719 0.451172 0.062500 0.042969
1 0.371094 0.427734 0.078125 0.058594
1 0.214844 0.623047 0.023438 0.019531
0 0.187500 0.724609 0.281250 0.308594
0 0.302734 0.529297 0.105469 0.121094
0 0.705078 0.806641 0.324219 0.300781
0 0.833984 0.458984 0.113281 0.105469
0 0.769531 0.335938 0.218750 0.148438
0 0.935547 0.339844 0.128906 0.257812
0 0.666016 0.519531 0.410156 0.234375
