1 0.191406 0.125000 0.078125 0.054688
1 0.533203 0.023438 0.050781 0.039062
1 0.564453 0.064453 0.035156 0.035156
1 0.537109 0.232422 0.050781 0.035156
1 0.572266 0.216797 0.035156 0.027344
1 0.476562 0.347656 0.039062 0.023438
1 0.541016 0.345703 0.050781 0.027344
1 0.451172 0.408203 0.035156 0.027344
1 0.914062 0.492188 0.078125 0.046875
0 0.310547 0.076172 0.332031 0.144531
0 0.515625 0.292969 0.218750 0.093750
0 0.761719 0.265625 0.203125 0.265625
0 0.917969 0.144531 0.164062 0.132812
0 0.878906 0.449219 0.242188 0.078125
0 0.693359 0.470703 0.152344 0.121094
