1 0.896484 0.193359 0.042969 0.058594
1 0.792969 0.408203 0.070312 0.050781
1 0.873047 0.414062 0.027344 0.023438
1 0.783203 0.480469 0.050781 0.054688
1 0.621094 0.822266 0.078125 0.058594
1 0.560547 0.833984 0.027344 0.027344
1 0.654297 0.525391 0.019531 0.035156
1 0.810547 0.777344 0.019531 0.031250
1 0.892578 0.845703 0.027344 0.027344
1 0.148438 0.345703 0.039062 0.058594
1 0.724609 0.414062 0.074219 0.078125
1 0.927734 0.246094 0.058594 0.039062
1 0.968750 0.283203 0.046875 0.082031
1 0.712891 0.222656 0.082031 0.078125
1 0.375000 0.392578 0.070312 0.058594
1 0.861328 0.814453 0.066406 0.074219
0 0.810547 0.056641 0.199219 0.105469
0 0.603516 0.054688 0.230469 0.101562
0 0.535156 0.136719 0.093750 0.093750
0 0.390625 0.089844 0.218750 0.171875
0 0.060547 0.123047 0.113281 0.089844
0 0.201172 0.103516 0.167969 0.199219
0 0.123047 0.330078 0.238281 0.332031
0 0.300781 0.240234 0.421875 0.136719
0 0.244141 0.347656 0.144531 0.281250
0 0.587891 0.205078 0.152344 0.144531
0 0.093750 0.570312 0.179688 0.296875
0 0.951172 0.851562 0.097656 0.187500
0 0.955078 0.509766 0.089844 0.207031
0 0.763672 0.505859 0.316406 0.277344
0 0.537109 0.763672 0.074219 0.113281
0 0.685547 0.628906 0.300781 0.390625
0 0.517578 0.398438 0.207031 0.250000
0 0.310547 0.615234 0.269531 0.277344
0 0.349609 0.650391 0.175781 0.128906
0 0.333984 0.796875 0.191406 0.203125
0 0.279297 0.949219 0.207031 0.101562
0 0.115234 0.867188 0.222656 0.265625
0 0.828125 0.966797 0.179688 0.066406
0 0.628906 0.929688 0.296875 0.140625
