1 0.179688 0.312500 0.070312 0.101562
1 0.275391 0.304688 0.050781 0.054688
1 0.357422 0.312500 0.058594 0.054688
1 0.501953 0.251953 0.074219 0.089844
1 0.539062 0.187500 0.039062 0.039062
1 0.660156 0.250000 0.031250 0.031250
1 0.625000 0.496094 0.023438 0.023438
0 0.486328 0.468750 0.238281 0.156250
0 0.292969 0.601562 0.125000 0.085938
0 0.634766 0.769531 0.566406 0.406250
0 0.359375 0.746094 0.250000 0.132812
0 0.875000 0.132812 0.101562 0.132812
0 0.958984 0.072266 0.082031 0.136719
0 0.623047 0.183594 0.441406 0.242188
0 0.914062 0.310547 0.171875 0.222656
0 0.041016 0.945312 0.074219 0.109375
0 0.037109 0.429688 0.066406 0.148438
