0 0.576172 0.097656 0.160156 0.164062
1 0.666016 0.017578 0.027344 0.027344
1 0.373047 0.177734 0.058594 0.082031
1 0.468750 0.642578 0.039062 0.035156
1 0.611328 0.554688 0.050781 0.046875
1 0.664062 0.720703 0.031250 0.035156
1 0.630859 0.908203 0.027344 0.035156
1 0.044922 0.916016 0.027344 0.027344
0 0.246094 0.097656 0.085938 0.117188
0 0.175781 0.062500 0.117188 0.117188
0 0.052734 0.035156 0.097656 0.062500
0 0.041016 0.150391 0.074219 0.183594
0 0.740234 0.437500 0.183594 0.179688
0 0.869141 0.789062 0.097656 0.132812
0 0.925781 0.978516 0.148438 0.042969
1 0.970703 0.453125 0.058594 0.062500
0 0.923828 0.597656 0.152344 0.093750
0 0.734375 0.619141 0.414062 0.183594
0 0.376953 0.705078 0.464844 0.183594
0 0.798828 0.734375 0.113281 0.164062
0 0.716797 0.916016 0.253906 0.167969
0 0.451172 0.908203 0.316406 0.152344
0 0.285156 0.951172 0.164062 0.097656
0 0.115234 0.896484 0.222656 0.207031
0 0.152344 0.744141 0.296875 0.308594
