0 0.607422 0.312500 0.269531 0.148438
0 0.824219 0.437500 0.351562 0.296875
0 0.867188 0.714844 0.265625 0.156250
0 0.712891 0.830078 0.183594 0.113281
0 0.224609 0.085938 0.152344 0.164062
0 0.037109 0.173828 0.066406 0.128906
0 0.183594 0.490234 0.281250 0.121094
0 0.378906 0.820312 0.468750 0.273438
0 0.171875 0.910156 0.250000 0.179688
0 0.062500 0.958984 0.117188 0.082031
0 0.330078 0.972656 0.105469 0.054688
1 0.886719 0.355469 0.085938 0.109375
1 0.328125 0.591797 0.085938 0.128906
1 0.271484 0.593750 0.027344 0.031250
1 0.859375 0.939453 0.078125 0.066406
1 0.949219 0.859375 0.093750 0.085938
1 0.662109 0.794922 0.035156 0.027344
