1 0.158203 0.603516 0.058594 0.058594
1 0.089844 0.765625 0.023438 0.039062
1 0.066406 0.785156 0.039062 0.039062
1 0.042969 0.826172 0.046875 0.066406
1 0.232422 0.644531 0.050781 0.039062
1 0.255859 0.621094 0.042969 0.023438
1 0.376953 0.683594 0.027344 0.031250
1 0.412109 0.697266 0.042969 0.035156
1 0.457031 0.681641 0.039062 0.027344
1 0.871094 0.447266 0.046875 0.042969
1 0.984375 0.464844 0.031250 0.023438
1 0.716797 0.378906 0.066406 0.070312
1 0.771484 0.074219 0.035156 0.031250
1 0.500000 0.015625 0.054688 0.023438
0 0.923828 0.416016 0.128906 0.089844
0 0.763672 0.349609 0.152344 0.167969
0 0.185547 0.533203 0.113281 0.105469
0 0.152344 0.695312 0.296875 0.210938
0 0.560547 0.781250 0.082031 0.093750
0 0.712891 0.851562 0.207031 0.101562
