0 0.810547 0.791016 0.082031 0.082031
0 0.039062 0.927734 0.070312 0.144531
0 0.150391 0.152344 0.113281 0.226562
0 0.111328 0.037109 0.082031 0.066406
0 0.041016 0.236328 0.074219 0.183594
0 0.193359 0.492188 0.089844 0.140625
0 0.267578 0.433594 0.105469 0.171875
1 0.898438 0.500000 0.070312 0.046875
1 0.982422 0.472656 0.035156 0.054688
1 0.863281 0.558594 0.039062 0.039062
1 0.884766 0.599609 0.027344 0.027344
1 0.287109 0.541016 0.058594 0.042969
1 0.283203 0.583984 0.050781 0.050781
1 0.033203 0.433594 0.058594 0.046875
1 0.080078 0.361328 0.050781 0.035156
1 0.091797 0.388672 0.027344 0.035156
1 0.193359 0.361328 0.035156 0.113281
1 0.281250 0.041016 0.023438 0.050781
1 0.289062 0.095703 0.015625 0.035156
1 0.421875 0.085938 0.046875 0.039062
1 0.441406 0.134766 0.031250 0.035156
1 0.533203 0.033203 0.035156 0.027344
