1 0.142578 0.732422 0.027344 0.035156
1 0.085938 0.652344 0.031250 0.031250
1 0.130859 0.306641 0.027344 0.035156
1 0.302734 0.136719 0.042969 0.031250
1 0.404297 0.187500 0.058594 0.054688
1 0.496094 0.119141 0.046875 0.050781
1 0.929688 0.064453 0.054688 0.074219
1 0.884766 0.154297 0.035156 0.066406
1 0.851562 0.458984 0.031250 0.035156
1 0.880859 0.464844 0.027344 0.039062
1 0.966797 0.775391 0.019531 0.035156
1 0.982422 0.916016 0.035156 0.074219
1 0.464844 0.880859 0.078125 0.097656
1 0.066406 0.312500 0.062500 0.078125
1 0.357422 0.021484 0.097656 0.035156
0 0.927734 0.298828 0.113281 0.152344
0 0.958984 0.525391 0.082031 0.121094
0 0.705078 0.404297 0.207031 0.152344
0 0.574219 0.246094 0.132812 0.195312
0 0.470703 0.453125 0.082031 0.203125
0 0.376953 0.355469 0.152344 0.296875
0 0.390625 0.558594 0.070312 0.125000
0 0.326172 0.808594 0.105469 0.257812
0 0.392578 0.697266 0.082031 0.121094
0 0.123047 0.824219 0.238281 0.320312
0 0.126953 0.521484 0.246094 0.292969
