1 0.427734 0.253906 0.050781 0.062500
1 0.318359 0.460938 0.105469 0.078125
1 0.246094 0.484375 0.054688 0.070312
1 0.162109 0.591797 0.058594 0.042969
1 0.224609 0.552734 0.082031 0.074219
1 0.802734 0.771484 0.050781 0.050781
1 0.775391 0.804688 0.035156 0.039062
1 0.181641 0.914062 0.050781 0.046875
1 0.136719 0.941406 0.031250 0.031250
1 0.984375 0.621094 0.031250 0.070312
0 0.867188 0.849609 0.156250 0.136719
0 0.732422 0.576172 0.152344 0.121094
0 0.882812 0.597656 0.179688 0.109375
0 0.093750 0.408203 0.148438 0.097656
0 0.046875 0.523438 0.085938 0.101562
0 0.070312 0.783203 0.125000 0.105469
1 0.144531 0.855469 0.062500 0.046875
