0 0.644531 0.406250 0.117188 0.117188
0 0.056641 0.654297 0.105469 0.113281
0 0.169922 0.898438 0.105469 0.203125
1 0.861328 0.658203 0.050781 0.058594
1 0.763672 0.458984 0.042969 0.042969
1 0.726562 0.394531 0.039062 0.039062
1 0.783203 0.314453 0.027344 0.035156
1 0.505859 0.431641 0.050781 0.042969
1 0.494141 0.595703 0.058594 0.058594
1 0.603516 0.783203 0.027344 0.035156
1 0.582031 0.808594 0.031250 0.031250
1 0.621094 0.832031 0.046875 0.062500
1 0.115234 0.703125 0.089844 0.054688
1 0.148438 0.640625 0.078125 0.046875
1 0.146484 0.589844 0.058594 0.054688
1 0.103516 0.554688 0.027344 0.023438
1 0.066406 0.541016 0.046875 0.042969
1 0.158203 0.488281 0.035156 0.039062
1 0.072266 0.462891 0.050781 0.042969
1 0.029297 0.312500 0.042969 0.046875
