1 0.835938 0.720703 0.031250 0.027344
1 0.855469 0.701172 0.039062 0.035156
1 0.839844 0.648438 0.031250 0.023438
1 0.816406 0.626953 0.054688 0.042969
1 0.916016 0.511719 0.027344 0.031250
1 0.755859 0.816406 0.035156 0.039062
1 0.273438 0.818359 0.015625 0.019531
1 0.039062 0.767578 0.031250 0.035156
1 0.029297 0.144531 0.027344 0.023438
1 0.763672 0.974609 0.074219 0.050781
1 0.826172 0.968750 0.074219 0.062500
1 0.900391 0.662109 0.058594 0.074219
1 0.884766 0.494141 0.042969 0.042969
1 0.898438 0.572266 0.046875 0.082031
1 0.025391 0.492188 0.042969 0.062500
1 0.361328 0.250000 0.050781 0.031250
1 0.150391 0.138672 0.066406 0.066406
1 0.134766 0.191406 0.097656 0.046875
1 0.138672 0.236328 0.050781 0.050781
1 0.019531 0.367188 0.031250 0.093750
0 0.824219 0.533203 0.093750 0.128906
0 0.691406 0.591797 0.070312 0.097656
0 0.685547 0.732422 0.191406 0.207031
0 0.507812 0.957031 0.117188 0.085938
0 0.332031 0.867188 0.093750 0.148438
0 0.253906 0.748047 0.093750 0.128906
0 0.119141 0.683594 0.113281 0.164062
0 0.164062 0.837891 0.140625 0.152344
0 0.234375 0.941406 0.156250 0.117188
0 0.072266 0.888672 0.136719 0.222656
0 0.242188 0.394531 0.140625 0.156250
0 0.138672 0.412109 0.269531 0.246094
0 0.083984 0.250000 0.089844 0.117188
0 0.087891 0.062500 0.082031 0.117188
0 0.222656 0.166016 0.164062 0.324219
0 0.400391 0.250000 0.167969 0.187500
