0 0.845703 0.169922 0.128906 0.089844
0 0.384766 0.103516 0.144531 0.128906
0 0.359375 0.021484 0.117188 0.035156
0 0.175781 0.062500 0.117188 0.117188
0 0.076172 0.318359 0.144531 0.105469
0 0.230469 0.259766 0.148438 0.207031
0 0.886719 0.595703 0.179688 0.160156
0 0.947266 0.748047 0.105469 0.144531
0 0.759766 0.574219 0.113281 0.085938
0 0.080078 0.906250 0.152344 0.171875
0 0.070312 0.726562 0.132812 0.101562
0 0.128906 0.794922 0.078125 0.113281
0 0.292969 0.390625 0.078125 0.101562
1 0.871094 0.701172 0.062500 0.042969
1 0.662109 0.558594 0.035156 0.031250
1 0.710938 0.585938 0.023438 0.023438
1 0.285156 0.537109 0.093750 0.042969
1 0.140625 0.541016 0.070312 0.089844
1 0.076172 0.570312 0.082031 0.062500
1 0.181641 0.757812 0.035156 0.039062
1 0.218750 0.843750 0.039062 0.031250
1 0.177734 0.890625 0.042969 0.039062
1 0.125000 0.875000 0.054688 0.054688
1 0.052734 0.847656 0.035156 0.046875
