1 0.134766 0.392578 0.042969 0.042969
1 0.306641 0.835938 0.058594 0.054688
1 0.060547 0.876953 0.074219 0.058594
1 0.478516 0.781250 0.035156 0.031250
1 0.507812 0.830078 0.070312 0.058594
1 0.480469 0.871094 0.046875 0.031250
1 0.562500 0.871094 0.054688 0.054688
1 0.548828 0.927734 0.050781 0.050781
1 0.707031 0.855469 0.062500 0.039062
1 0.902344 0.867188 0.085938 0.054688
1 0.691406 0.982422 0.039062 0.027344
1 0.193359 0.136719 0.058594 0.039062
1 0.287109 0.195312 0.050781 0.039062
1 0.236328 0.273438 0.074219 0.046875
1 0.939453 0.517578 0.027344 0.035156
1 0.740234 0.529297 0.035156 0.042969
1 0.728516 0.501953 0.035156 0.027344
1 0.281250 0.433594 0.062500 0.039062
1 0.041016 0.039062 0.074219 0.054688
0 0.843750 0.523438 0.210938 0.132812
0 0.173828 0.773438 0.230469 0.117188
0 0.025391 0.792969 0.042969 0.101562
0 0.353516 0.265625 0.191406 0.148438
0 0.083984 0.101562 0.152344 0.085938
