1 0.873047 0.070312 0.066406 0.046875
1 0.898438 0.539062 0.039062 0.039062
1 0.697266 0.519531 0.035156 0.039062
1 0.593750 0.562500 0.031250 0.031250
1 0.742188 0.457031 0.031250 0.023438
1 0.656250 0.392578 0.023438 0.027344
1 0.720703 0.718750 0.027344 0.031250
1 0.738281 0.822266 0.031250 0.035156
1 0.574219 0.863281 0.023438 0.039062
1 0.568359 0.960938 0.027344 0.023438
1 0.421875 0.759766 0.039062 0.035156
1 0.505859 0.787109 0.019531 0.027344
1 0.189453 0.699219 0.027344 0.023438
1 0.250000 0.597656 0.046875 0.039062
1 0.498047 0.509766 0.035156 0.027344
1 0.505859 0.548828 0.066406 0.042969
1 0.503906 0.417969 0.046875 0.039062
1 0.101562 0.330078 0.039062 0.035156
1 0.011719 0.226562 0.015625 0.031250
1 0.273438 0.167969 0.015625 0.023438
1 0.335938 0.300781 0.023438 0.023438
1 0.222656 0.552734 0.046875 0.042969
1 0.027344 0.783203 0.046875 0.042969
1 0.363281 0.962891 0.023438 0.027344
1 0.736328 0.039062 0.058594 0.070312
1 0.298828 0.357422 0.082031 0.050781
1 0.285156 0.324219 0.054688 0.023438
0 0.570312 0.087891 0.273438 0.167969
0 0.728516 0.416016 0.269531 0.207031
0 0.099609 0.105469 0.191406 0.156250
0 0.269531 0.281250 0.148438 0.132812
0 0.207031 0.240234 0.132812 0.105469
0 0.398438 0.458984 0.148438 0.113281
0 0.345703 0.572266 0.199219 0.105469
0 0.501953 0.619141 0.167969 0.089844
0 0.634766 0.683594 0.121094 0.070312
0 0.107422 0.562500 0.191406 0.101562
0 0.037109 0.515625 0.066406 0.070312
0 0.097656 0.775391 0.148438 0.113281
0 0.322266 0.750000 0.160156 0.164062
0 0.693359 0.898438 0.136719 0.203125
0 0.451172 0.880859 0.253906 0.144531
0 0.433594 0.968750 0.179688 0.062500
0 0.314453 0.937500 0.128906 0.054688
0 0.164062 0.869141 0.265625 0.152344
0 0.939453 0.429688 0.121094 0.250000
0 0.037109 0.902344 0.066406 0.125000
