1 0.564453 0.533203 0.027344 0.027344
1 0.527344 0.562500 0.023438 0.023438
1 0.462891 0.544922 0.058594 0.050781
1 0.357422 0.677734 0.074219 0.058594
1 0.359375 0.724609 0.031250 0.035156
1 0.361328 0.832031 0.027344 0.031250
1 0.208984 0.748047 0.035156 0.035156
1 0.646484 0.960938 0.027344 0.023438
1 0.779297 0.751953 0.035156 0.019531
1 0.953125 0.693359 0.031250 0.027344
1 0.644531 0.251953 0.039062 0.035156
1 0.667969 0.183594 0.031250 0.031250
1 0.634766 0.156250 0.019531 0.023438
1 0.648438 0.152344 0.031250 0.031250
1 0.929688 0.203125 0.023438 0.031250
1 0.980469 0.173828 0.023438 0.019531
1 0.773438 0.132812 0.031250 0.023438
1 0.300781 0.089844 0.039062 0.031250
1 0.121094 0.052734 0.031250 0.035156
1 0.193359 0.148438 0.050781 0.039062
1 0.062500 0.248047 0.039062 0.042969
1 0.080078 0.066406 0.035156 0.031250
1 0.011719 0.068359 0.015625 0.058594
1 0.605469 0.021484 0.054688 0.035156
1 0.361328 0.050781 0.074219 0.054688
1 0.156250 0.097656 0.062500 0.046875
1 0.923828 0.316406 0.058594 0.046875
1 0.662109 0.585938 0.074219 0.046875
1 0.771484 0.500000 0.058594 0.062500
1 0.968750 0.625000 0.062500 0.070312
1 0.677734 0.740234 0.074219 0.074219
1 0.072266 0.498047 0.082031 0.066406
1 0.265625 0.484375 0.031250 0.031250
1 0.261719 0.580078 0.039062 0.035156
1 0.578125 0.117188 0.054688 0.046875
0 0.847656 0.160156 0.171875 0.148438
0 0.746094 0.052734 0.125000 0.097656
0 0.507812 0.089844 0.101562 0.117188
0 0.541016 0.177734 0.128906 0.082031
0 0.595703 0.466797 0.113281 0.082031
0 0.664062 0.529297 0.125000 0.066406
0 0.775391 0.574219 0.128906 0.125000
0 0.845703 0.679688 0.167969 0.187500
0 0.849609 0.804688 0.230469 0.101562
0 0.650391 0.796875 0.160156 0.070312
0 0.050781 0.400391 0.093750 0.097656
1 0.972656 0.839844 0.054688 0.062500
0 0.050781 0.150391 0.093750 0.128906
0 0.210938 0.437500 0.187500 0.156250
0 0.216797 0.552734 0.160156 0.082031
0 0.226562 0.642578 0.101562 0.105469
0 0.044922 0.031250 0.066406 0.054688
0 0.132812 0.634766 0.109375 0.089844
0 0.296875 0.267578 0.304688 0.191406
0 0.546875 0.296875 0.187500 0.171875
0 0.779297 0.359375 0.332031 0.210938
