1 0.541016 0.810547 0.066406 0.074219
1 0.439453 0.923828 0.042969 0.042969
1 0.679688 0.869141 0.031250 0.035156
1 0.150391 0.898438 0.082031 0.070312
1 0.070312 0.837891 0.062500 0.050781
1 0.021484 0.832031 0.035156 0.039062
1 0.402344 0.564453 0.039062 0.027344
1 0.435547 0.611328 0.058594 0.074219
1 0.488281 0.623047 0.070312 0.050781
1 0.898438 0.812500 0.031250 0.031250
1 0.878906 0.710938 0.023438 0.023438
1 0.947266 0.710938 0.035156 0.031250
1 0.890625 0.453125 0.046875 0.031250
1 0.853516 0.400391 0.042969 0.035156
1 0.871094 0.292969 0.039062 0.031250
1 0.806641 0.277344 0.050781 0.039062
1 0.839844 0.345703 0.031250 0.027344
1 0.873047 0.205078 0.035156 0.035156
1 0.636719 0.189453 0.039062 0.042969
1 0.566406 0.158203 0.023438 0.027344
1 0.476562 0.125000 0.031250 0.023438
1 0.406250 0.027344 0.054688 0.046875
1 0.058594 0.333984 0.015625 0.035156
1 0.029297 0.410156 0.042969 0.023438
1 0.048828 0.486328 0.035156 0.027344
1 0.128906 0.488281 0.031250 0.031250
1 0.769531 0.445312 0.054688 0.070312
1 0.832031 0.443359 0.085938 0.105469
0 0.621094 0.253906 0.164062 0.117188
0 0.281250 0.414062 0.500000 0.117188
0 0.253906 0.519531 0.242188 0.148438
0 0.437500 0.513672 0.242188 0.105469
0 0.777344 0.523438 0.437500 0.101562
0 0.769531 0.697266 0.156250 0.058594
0 0.716797 0.767578 0.214844 0.113281
0 0.582031 0.667969 0.132812 0.125000
0 0.298828 0.947266 0.246094 0.105469
0 0.376953 0.869141 0.082031 0.152344
0 0.648438 0.931641 0.234375 0.136719
0 0.919922 0.917969 0.160156 0.164062
1 0.441406 0.792969 0.070312 0.062500
1 0.804688 0.972656 0.093750 0.054688
0 0.615234 0.082031 0.246094 0.156250
0 0.835938 0.058594 0.328125 0.078125
