1 0.423828 0.310547 0.042969 0.050781
1 0.365234 0.396484 0.042969 0.035156
1 0.310547 0.384766 0.058594 0.042969
1 0.212891 0.378906 0.058594 0.054688
1 0.271484 0.292969 0.042969 0.031250
1 0.156250 0.195312 0.039062 0.039062
1 0.076172 0.048828 0.035156 0.027344
1 0.017578 0.052734 0.027344 0.042969
1 0.169922 0.035156 0.074219 0.062500
1 0.476562 0.314453 0.062500 0.074219
1 0.943359 0.175781 0.050781 0.054688
1 0.968750 0.019531 0.046875 0.031250
1 0.966797 0.318359 0.058594 0.035156
1 0.964844 0.339844 0.031250 0.031250
1 0.947266 0.365234 0.035156 0.050781
1 0.917969 0.324219 0.031250 0.031250
1 0.869141 0.269531 0.019531 0.023438
1 0.837891 0.312500 0.027344 0.039062
1 0.865234 0.451172 0.050781 0.058594
1 0.908203 0.558594 0.042969 0.039062
1 0.974609 0.601562 0.035156 0.031250
1 0.925781 0.632812 0.023438 0.023438
1 0.810547 0.644531 0.035156 0.039062
1 0.658203 0.777344 0.027344 0.031250
1 0.673828 0.826172 0.019531 0.019531
1 0.611328 0.904297 0.074219 0.066406
1 0.542969 0.871094 0.039062 0.039062
0 0.435547 0.125000 0.105469 0.093750
0 0.093750 0.263672 0.179688 0.230469
0 0.064453 0.662109 0.121094 0.175781
0 0.115234 0.884766 0.207031 0.230469
0 0.408203 0.916016 0.160156 0.167969
0 0.851562 0.785156 0.117188 0.109375
0 0.828125 0.080078 0.171875 0.152344
0 0.662109 0.064453 0.160156 0.121094
0 0.142578 0.542969 0.277344 0.203125
0 0.498047 0.806641 0.253906 0.113281
0 0.328125 0.654297 0.187500 0.316406
0 0.484375 0.578125 0.257812 0.234375
0 0.582031 0.429688 0.320312 0.234375
0 0.798828 0.494141 0.136719 0.261719
0 0.593750 0.212891 0.148438 0.082031
0 0.730469 0.265625 0.203125 0.210938
1 0.810547 0.359375 0.042969 0.031250
