1 0.197266 0.449219 0.074219 0.078125
1 0.511719 0.589844 0.031250 0.062500
1 0.611328 0.375000 0.035156 0.031250
1 0.650391 0.371094 0.035156 0.031250
1 0.808594 0.039062 0.023438 0.031250
1 0.986328 0.060547 0.027344 0.035156
0 0.929688 0.509766 0.140625 0.121094
0 0.667969 0.726562 0.289062 0.289062
0 0.177734 0.939453 0.144531 0.121094
0 0.310547 0.634766 0.183594 0.144531
0 0.031250 0.705078 0.054688 0.105469
0 0.029297 0.833984 0.050781 0.121094
0 0.121094 0.658203 0.234375 0.308594
0 0.054688 0.437500 0.101562 0.109375
0 0.103516 0.263672 0.144531 0.113281
0 0.447266 0.369141 0.269531 0.246094
0 0.730469 0.130859 0.125000 0.089844
0 0.876953 0.166016 0.246094 0.230469
0 0.736328 0.033203 0.105469 0.058594
0 0.513672 0.134766 0.269531 0.261719
0 0.246094 0.083984 0.273438 0.160156
