1 0.835938 0.636719 0.046875 0.039062
1 0.394531 0.767578 0.031250 0.035156
1 0.662109 0.800781 0.042969 0.070312
1 0.072266 0.597656 0.042969 0.031250
1 0.121094 0.400391 0.031250 0.027344
1 0.044922 0.345703 0.042969 0.027344
1 0.361328 0.365234 0.035156 0.027344
1 0.443359 0.378906 0.027344 0.023438
1 0.644531 0.253906 0.039062 0.039062
0 0.958984 0.853516 0.082031 0.089844
0 0.832031 0.886719 0.335938 0.226562
0 0.492188 0.648438 0.109375 0.093750
0 0.472656 0.824219 0.296875 0.351562
0 0.822266 0.466797 0.355469 0.269531
0 0.298828 0.582031 0.152344 0.328125
0 0.138672 0.513672 0.269531 0.152344
0 0.070312 0.822266 0.132812 0.175781
0 0.587891 0.408203 0.199219 0.152344
0 0.646484 0.138672 0.191406 0.269531
0 0.513672 0.199219 0.222656 0.242188
0 0.441406 0.060547 0.156250 0.113281
0 0.376953 0.179688 0.191406 0.148438
0 0.035156 0.050781 0.062500 0.093750
0 0.251953 0.054688 0.214844 0.101562
0 0.052734 0.238281 0.097656 0.179688
0 0.119141 0.132812 0.105469 0.125000
0 0.218750 0.166016 0.117188 0.097656
0 0.263672 0.314453 0.347656 0.238281
