1 0.234375 0.328125 0.054688 0.062500
1 0.292969 0.455078 0.054688 0.074219
1 0.355469 0.400391 0.023438 0.035156
1 0.513672 0.232422 0.066406 0.050781
1 0.671875 0.121094 0.062500 0.070312
1 0.945312 0.494141 0.046875 0.074219
1 0.962891 0.572266 0.035156 0.058594
1 0.904297 0.507812 0.042969 0.046875
1 0.599609 0.554688 0.035156 0.031250
1 0.554688 0.671875 0.070312 0.062500
1 0.484375 0.726562 0.070312 0.054688
1 0.427734 0.734375 0.035156 0.031250
1 0.250000 0.666016 0.070312 0.082031
1 0.146484 0.837891 0.105469 0.050781
1 0.632812 0.960938 0.054688 0.078125
1 0.580078 0.841797 0.027344 0.035156
0 0.578125 0.050781 0.210938 0.093750
0 0.544922 0.136719 0.160156 0.140625
0 0.396484 0.138672 0.183594 0.269531
0 0.302734 0.287109 0.261719 0.324219
0 0.125000 0.410156 0.242188 0.234375
0 0.082031 0.490234 0.156250 0.167969
0 0.251953 0.576172 0.128906 0.097656
0 0.236328 0.792969 0.152344 0.101562
0 0.759766 0.955078 0.128906 0.089844
0 0.927734 0.628906 0.144531 0.218750
0 0.810547 0.779297 0.253906 0.285156
1 0.617188 0.708984 0.078125 0.050781
1 0.361328 0.736328 0.066406 0.042969
1 0.400391 0.769531 0.035156 0.062500
0 0.816406 0.347656 0.257812 0.257812
0 0.646484 0.302734 0.160156 0.167969
0 0.525391 0.330078 0.113281 0.152344
0 0.367188 0.628906 0.125000 0.171875
0 0.470703 0.615234 0.144531 0.097656
0 0.503906 0.494141 0.101562 0.207031
0 0.656250 0.511719 0.164062 0.289062
