0 0.572266 0.931641 0.246094 0.136719
0 0.380859 0.806641 0.105469 0.136719
0 0.703125 0.617188 0.156250 0.117188
0 0.525391 0.716797 0.207031 0.191406
0 0.033203 0.771484 0.058594 0.121094
0 0.171875 0.380859 0.210938 0.183594
0 0.324219 0.224609 0.140625 0.277344
0 0.060547 0.078125 0.113281 0.109375
0 0.716797 0.259766 0.222656 0.144531
0 0.876953 0.125000 0.246094 0.242188
0 0.410156 0.056641 0.195312 0.105469
0 0.537109 0.183594 0.152344 0.078125
0 0.552734 0.101562 0.121094 0.093750
1 0.943359 0.376953 0.042969 0.019531
