0 0.873047 0.775391 0.160156 0.152344
0 0.970703 0.832031 0.058594 0.132812
0 0.394531 0.781250 0.132812 0.148438
0 0.277344 0.628906 0.148438 0.148438
0 0.130859 0.576172 0.253906 0.207031
0 0.070312 0.109375 0.132812 0.210938
0 0.142578 0.070312 0.183594 0.132812
0 0.837891 0.386719 0.214844 0.375000
0 0.412109 0.417969 0.285156 0.242188
0 0.537109 0.927734 0.332031 0.144531
0 0.394531 0.955078 0.093750 0.089844
0 0.070312 0.861328 0.132812 0.238281
0 0.132812 0.898438 0.164062 0.203125
1 0.244141 0.166016 0.066406 0.058594
1 0.216797 0.908203 0.042969 0.066406
1 0.281250 0.978516 0.085938 0.042969
1 0.751953 0.320312 0.035156 0.046875
1 0.408203 0.447266 0.027344 0.027344
