1 0.152344 0.470703 0.046875 0.042969
1 0.123047 0.222656 0.027344 0.023438
1 0.517578 0.535156 0.035156 0.031250
1 0.669922 0.353516 0.027344 0.027344
1 0.544922 0.308594 0.050781 0.031250
1 0.853516 0.123047 0.035156 0.027344
1 0.318359 0.585938 0.035156 0.031250
1 0.429688 0.666016 0.023438 0.019531
1 0.533203 0.708984 0.027344 0.027344
1 0.613281 0.728516 0.054688 0.035156
1 0.458984 0.701172 0.058594 0.027344
1 0.490234 0.728516 0.089844 0.035156
1 0.667969 0.865234 0.031250 0.027344
1 0.980469 0.626953 0.039062 0.050781
1 0.984375 0.589844 0.031250 0.031250
1 0.958984 0.783203 0.027344 0.027344
1 0.935547 0.417969 0.027344 0.031250
1 0.970703 0.437500 0.058594 0.085938
0 0.457031 0.337891 0.148438 0.066406
0 0.310547 0.513672 0.136719 0.113281
