1 0.214844 0.404297 0.046875 0.027344
1 0.261719 0.392578 0.062500 0.035156
1 0.164062 0.369141 0.039062 0.019531
1 0.333984 0.388672 0.035156 0.035156
1 0.173828 0.187500 0.058594 0.039062
1 0.166016 0.078125 0.035156 0.031250
1 0.238281 0.140625 0.046875 0.031250
1 0.599609 0.199219 0.066406 0.046875
1 0.650391 0.232422 0.050781 0.035156
1 0.839844 0.121094 0.039062 0.031250
1 0.912109 0.230469 0.035156 0.015625
1 0.947266 0.246094 0.066406 0.039062
1 0.937500 0.277344 0.085938 0.039062
1 0.982422 0.339844 0.035156 0.046875
1 0.898438 0.314453 0.031250 0.027344
1 0.859375 0.392578 0.101562 0.042969
1 0.556641 0.339844 0.035156 0.031250
1 0.376953 0.423828 0.027344 0.035156
1 0.410156 0.439453 0.031250 0.035156
1 0.513672 0.582031 0.027344 0.023438
1 0.291016 0.527344 0.042969 0.031250
1 0.363281 0.623047 0.031250 0.035156
1 0.742188 0.789062 0.054688 0.046875
1 0.404297 0.771484 0.035156 0.027344
1 0.394531 0.814453 0.046875 0.027344
1 0.298828 0.916016 0.058594 0.035156
1 0.203125 0.919922 0.093750 0.042969
0 0.837891 0.929688 0.246094 0.117188
0 0.087891 0.906250 0.136719 0.062500
0 0.445312 0.048828 0.156250 0.089844
0 0.748047 0.109375 0.207031 0.210938
0 0.822266 0.195312 0.355469 0.320312
0 0.306641 0.222656 0.183594 0.265625
0 0.121094 0.285156 0.234375 0.179688
