1 0.478516 0.609375 0.042969 0.023438
1 0.419922 0.769531 0.035156 0.023438
1 0.794922 0.845703 0.035156 0.027344
1 0.148438 0.880859 0.046875 0.042969
1 0.230469 0.841797 0.078125 0.058594
1 0.013672 0.974609 0.019531 0.042969
1 0.099609 0.556641 0.042969 0.035156
1 0.060547 0.525391 0.082031 0.027344
1 0.218750 0.513672 0.039062 0.027344
1 0.167969 0.531250 0.023438 0.015625
1 0.212891 0.558594 0.050781 0.039062
1 0.373047 0.541016 0.035156 0.027344
1 0.306641 0.490234 0.058594 0.035156
1 0.361328 0.417969 0.035156 0.031250
1 0.451172 0.363281 0.042969 0.039062
1 0.226562 0.095703 0.023438 0.019531
1 0.318359 0.142578 0.027344 0.027344
1 0.261719 0.056641 0.046875 0.027344
1 0.302734 0.017578 0.035156 0.027344
1 0.371094 0.050781 0.039062 0.023438
1 0.621094 0.027344 0.023438 0.023438
1 0.830078 0.029297 0.042969 0.027344
1 0.941406 0.046875 0.031250 0.015625
1 0.861328 0.083984 0.027344 0.027344
1 0.914062 0.138672 0.031250 0.019531
1 0.480469 0.076172 0.093750 0.066406
1 0.478516 0.029297 0.089844 0.042969
0 0.900391 0.183594 0.199219 0.101562
0 0.615234 0.226562 0.324219 0.156250
0 0.537109 0.382812 0.175781 0.078125
0 0.962891 0.648438 0.074219 0.085938
0 0.943359 0.884766 0.113281 0.097656
0 0.216797 0.689453 0.269531 0.175781
0 0.306641 0.359375 0.160156 0.085938
0 0.275391 0.435547 0.097656 0.066406
0 0.125000 0.193359 0.242188 0.128906
0 0.125000 0.447266 0.242188 0.136719
