0 0.923828 0.640625 0.152344 0.093750
0 0.966797 0.324219 0.066406 0.156250
1 0.193359 0.527344 0.050781 0.031250
1 0.845703 0.699219 0.042969 0.046875
1 0.783203 0.687500 0.035156 0.031250
1 0.794922 0.417969 0.035156 0.039062
1 0.755859 0.326172 0.035156 0.035156
1 0.611328 0.285156 0.027344 0.023438
1 0.720703 0.041016 0.019531 0.027344
1 0.832031 0.091797 0.039062 0.027344
1 0.916016 0.089844 0.027344 0.031250
1 0.960938 0.083984 0.039062 0.019531
1 0.892578 0.054688 0.035156 0.023438
1 0.931641 0.019531 0.058594 0.031250
1 0.828125 0.041016 0.117188 0.058594
1 0.871094 0.205078 0.062500 0.042969
1 0.929688 0.191406 0.046875 0.023438
1 0.970703 0.212891 0.058594 0.035156
1 0.861328 0.347656 0.058594 0.039062
1 0.894531 0.417969 0.046875 0.031250
1 0.896484 0.382812 0.066406 0.046875
