1 0.771484 0.087891 0.074219 0.058594
1 0.851562 0.132812 0.054688 0.039062
1 0.908203 0.103516 0.066406 0.035156
1 0.970703 0.121094 0.058594 0.046875
1 0.505859 0.132812 0.035156 0.039062
1 0.423828 0.140625 0.042969 0.031250
1 0.332031 0.066406 0.078125 0.031250
1 0.410156 0.019531 0.031250 0.031250
1 0.275391 0.013672 0.082031 0.019531
1 0.242188 0.042969 0.070312 0.039062
1 0.195312 0.068359 0.023438 0.035156
1 0.240234 0.078125 0.027344 0.015625
1 0.212891 0.134766 0.027344 0.027344
1 0.121094 0.076172 0.031250 0.019531
1 0.041016 0.042969 0.074219 0.054688
1 0.115234 0.101562 0.035156 0.023438
1 0.080078 0.121094 0.035156 0.023438
1 0.080078 0.166016 0.042969 0.027344
1 0.523438 0.230469 0.039062 0.023438
1 0.611328 0.312500 0.035156 0.031250
1 0.679688 0.324219 0.070312 0.031250
1 0.271484 0.533203 0.066406 0.042969
1 0.033203 0.539062 0.058594 0.039062
1 0.123047 0.572266 0.042969 0.035156
1 0.222656 0.615234 0.070312 0.050781
1 0.302734 0.589844 0.035156 0.023438
1 0.349609 0.564453 0.027344 0.027344
1 0.283203 0.666016 0.050781 0.042969
1 0.025391 0.710938 0.035156 0.031250
1 0.328125 0.880859 0.062500 0.042969
1 0.210938 0.849609 0.078125 0.066406
1 0.455078 0.630859 0.097656 0.058594
1 0.568359 0.654297 0.058594 0.042969
1 0.753906 0.623047 0.054688 0.050781
1 0.902344 0.705078 0.031250 0.019531
1 0.740234 0.664062 0.042969 0.031250
1 0.699219 0.681641 0.085938 0.050781
1 0.800781 0.714844 0.062500 0.046875
1 0.867188 0.748047 0.062500 0.042969
1 0.898438 0.843750 0.039062 0.031250
1 0.812500 0.835938 0.023438 0.023438
1 0.757812 0.748047 0.031250 0.042969
1 0.906250 0.921875 0.117188 0.054688
1 0.876953 0.962891 0.074219 0.042969
1 0.966797 0.974609 0.066406 0.050781
1 0.875000 0.988281 0.046875 0.023438
1 0.486328 0.685547 0.074219 0.042969
1 0.443359 0.732422 0.027344 0.027344
1 0.564453 0.701172 0.097656 0.042969
0 0.179688 0.312500 0.226562 0.187500
0 0.380859 0.220703 0.269531 0.160156
0 0.648438 0.083984 0.273438 0.160156
0 0.937500 0.214844 0.125000 0.101562
0 0.771484 0.201172 0.449219 0.152344
0 0.167969 0.695312 0.328125 0.273438
0 0.753906 0.880859 0.156250 0.089844
0 0.609375 0.781250 0.406250 0.164062
