1 0.693359 0.386719 0.058594 0.046875
1 0.744141 0.296875 0.042969 0.031250
1 0.888672 0.646484 0.035156 0.019531
1 0.486328 0.851562 0.050781 0.039062
1 0.486328 0.937500 0.050781 0.039062
1 0.308594 0.949219 0.046875 0.031250
1 0.087891 0.673828 0.042969 0.019531
1 0.132812 0.667969 0.031250 0.031250
1 0.203125 0.630859 0.039062 0.035156
1 0.076172 0.626953 0.035156 0.027344
1 0.085938 0.564453 0.031250 0.027344
1 0.029297 0.482422 0.035156 0.027344
1 0.101562 0.492188 0.031250 0.023438
1 0.162109 0.494141 0.050781 0.027344
1 0.207031 0.521484 0.039062 0.027344
1 0.160156 0.537109 0.062500 0.035156
1 0.306641 0.451172 0.058594 0.035156
1 0.375000 0.363281 0.039062 0.031250
1 0.458984 0.328125 0.035156 0.031250
1 0.482422 0.349609 0.035156 0.027344
1 0.558594 0.333984 0.031250 0.019531
1 0.623047 0.050781 0.066406 0.031250
1 0.500000 0.035156 0.031250 0.031250
1 0.460938 0.019531 0.031250 0.031250
1 0.421875 0.013672 0.046875 0.019531
1 0.134766 0.023438 0.097656 0.039062
1 0.021484 0.029297 0.019531 0.019531
1 0.367188 0.203125 0.023438 0.023438
1 0.400391 0.085938 0.027344 0.031250
1 0.447266 0.093750 0.027344 0.023438
1 0.544922 0.105469 0.082031 0.054688
1 0.267578 0.298828 0.089844 0.042969
1 0.189453 0.285156 0.035156 0.023438
1 0.056641 0.392578 0.058594 0.027344
1 0.089844 0.410156 0.070312 0.039062
1 0.136719 0.423828 0.031250 0.027344
0 0.625000 0.566406 0.171875 0.140625
0 0.560547 0.431641 0.222656 0.144531
0 0.392578 0.814453 0.167969 0.199219
0 0.458984 0.976562 0.128906 0.046875
0 0.863281 0.945312 0.187500 0.109375
0 0.023438 0.652344 0.039062 0.078125
0 0.193359 0.376953 0.238281 0.105469
0 0.144531 0.269531 0.281250 0.187500
