1 0.941406 0.076172 0.031250 0.027344
1 0.906250 0.017578 0.039062 0.027344
1 0.941406 0.015625 0.054688 0.023438
1 0.716797 0.167969 0.042969 0.039062
1 0.910156 0.591797 0.031250 0.035156
1 0.972656 0.597656 0.039062 0.023438
1 0.972656 0.652344 0.054688 0.031250
1 0.917969 0.761719 0.046875 0.046875
1 0.587891 0.853516 0.050781 0.035156
1 0.757812 0.783203 0.023438 0.027344
1 0.230469 0.685547 0.078125 0.042969
1 0.343750 0.570312 0.039062 0.023438
1 0.128906 0.656250 0.031250 0.031250
1 0.060547 0.695312 0.035156 0.039062
1 0.171875 0.386719 0.085938 0.039062
1 0.386719 0.300781 0.070312 0.054688
1 0.021484 0.347656 0.035156 0.039062
1 0.111328 0.197266 0.027344 0.019531
1 0.037109 0.123047 0.042969 0.042969
1 0.013672 0.156250 0.019531 0.023438
1 0.318359 0.529297 0.089844 0.058594
0 0.134766 0.755859 0.261719 0.136719
0 0.855469 0.714844 0.289062 0.125000
0 0.974609 0.759766 0.050781 0.144531
0 0.898438 0.892578 0.203125 0.136719
0 0.726562 0.970703 0.125000 0.058594
