1 0.640625 0.207031 0.031250 0.031250
1 0.455078 0.138672 0.035156 0.035156
1 0.427734 0.138672 0.027344 0.035156
1 0.392578 0.099609 0.027344 0.019531
1 0.201172 0.017578 0.027344 0.019531
1 0.046875 0.085938 0.031250 0.039062
1 0.248047 0.152344 0.042969 0.031250
1 0.357422 0.187500 0.035156 0.023438
1 0.417969 0.220703 0.031250 0.027344
1 0.023438 0.371094 0.031250 0.023438
1 0.158203 0.458984 0.035156 0.027344
1 0.429688 0.468750 0.031250 0.031250
1 0.523438 0.595703 0.031250 0.027344
1 0.576172 0.642578 0.042969 0.035156
1 0.638672 0.781250 0.035156 0.031250
1 0.462891 0.761719 0.027344 0.023438
1 0.416016 0.710938 0.035156 0.023438
1 0.390625 0.740234 0.039062 0.035156
1 0.326172 0.777344 0.042969 0.039062
1 0.250000 0.757812 0.054688 0.031250
