1 0.054688 0.605469 0.046875 0.046875
1 0.255859 0.431641 0.035156 0.027344
1 0.435547 0.449219 0.035156 0.031250
1 0.261719 0.337891 0.054688 0.042969
1 0.121094 0.382812 0.023438 0.023438
1 0.097656 0.287109 0.031250 0.011719
1 0.308594 0.287109 0.031250 0.035156
1 0.253906 0.208984 0.046875 0.035156
1 0.183594 0.169922 0.031250 0.027344
1 0.376953 0.091797 0.042969 0.042969
1 0.417969 0.154297 0.046875 0.042969
1 0.976562 0.560547 0.046875 0.042969
1 0.605469 0.808594 0.054688 0.046875
1 0.572266 0.837891 0.027344 0.027344
1 0.638672 0.962891 0.050781 0.042969
1 0.470703 0.986328 0.058594 0.027344
0 0.833984 0.261719 0.214844 0.148438
0 0.601562 0.882812 0.203125 0.125000
0 0.373047 0.953125 0.253906 0.093750
0 0.486328 0.863281 0.082031 0.085938
