1 0.373047 0.712891 0.042969 0.035156
1 0.339844 0.658203 0.031250 0.035156
1 0.203125 0.822266 0.046875 0.035156
1 0.488281 0.740234 0.031250 0.027344
1 0.431641 0.884766 0.035156 0.027344
1 0.775391 0.878906 0.035156 0.031250
1 0.853516 0.849609 0.035156 0.035156
1 0.818359 0.980469 0.019531 0.031250
1 0.013672 0.871094 0.019531 0.054688
1 0.054688 0.988281 0.031250 0.015625
1 0.732422 0.697266 0.050781 0.035156
1 0.789062 0.693359 0.046875 0.050781
1 0.894531 0.628906 0.031250 0.023438
1 0.845703 0.496094 0.035156 0.023438
1 0.925781 0.486328 0.015625 0.019531
1 0.945312 0.472656 0.023438 0.031250
1 0.986328 0.359375 0.027344 0.039062
1 0.941406 0.339844 0.031250 0.023438
1 0.863281 0.396484 0.046875 0.035156
1 0.769531 0.421875 0.031250 0.031250
1 0.777344 0.568359 0.031250 0.042969
1 0.753906 0.531250 0.031250 0.023438
1 0.765625 0.509766 0.070312 0.042969
1 0.775391 0.458984 0.066406 0.058594
1 0.716797 0.472656 0.042969 0.031250
1 0.673828 0.513672 0.035156 0.027344
1 0.623047 0.544922 0.027344 0.035156
1 0.617188 0.585938 0.039062 0.031250
1 0.531250 0.568359 0.023438 0.019531
1 0.246094 0.619141 0.039062 0.019531
1 0.050781 0.640625 0.046875 0.023438
1 0.048828 0.601562 0.050781 0.046875
1 0.011719 0.580078 0.015625 0.058594
1 0.224609 0.570312 0.074219 0.078125
1 0.171875 0.576172 0.023438 0.027344
1 0.308594 0.566406 0.023438 0.031250
1 0.390625 0.560547 0.023438 0.027344
1 0.476562 0.566406 0.085938 0.070312
1 0.474609 0.529297 0.050781 0.042969
1 0.490234 0.484375 0.105469 0.078125
1 0.554688 0.460938 0.039062 0.031250
1 0.582031 0.476562 0.031250 0.039062
1 0.642578 0.447266 0.050781 0.035156
1 0.685547 0.392578 0.035156 0.027344
1 0.083984 0.527344 0.097656 0.085938
1 0.025391 0.505859 0.042969 0.050781
1 0.107422 0.437500 0.089844 0.054688
1 0.212891 0.470703 0.050781 0.035156
1 0.271484 0.478516 0.035156 0.027344
1 0.296875 0.523438 0.062500 0.046875
1 0.375000 0.509766 0.046875 0.035156
1 0.382812 0.476562 0.023438 0.023438
1 0.433594 0.501953 0.031250 0.027344
1 0.417969 0.445312 0.046875 0.054688
1 0.435547 0.400391 0.074219 0.042969
1 0.337891 0.414062 0.050781 0.054688
1 0.326172 0.462891 0.074219 0.074219
1 0.251953 0.423828 0.019531 0.019531
1 0.273438 0.398438 0.031250 0.039062
1 0.332031 0.376953 0.031250 0.027344
1 0.505859 0.382812 0.035156 0.031250
1 0.511719 0.357422 0.039062 0.035156
1 0.568359 0.388672 0.082031 0.066406
1 0.490234 0.275391 0.019531 0.027344
1 0.519531 0.263672 0.031250 0.027344
1 0.177734 0.369141 0.144531 0.066406
1 0.240234 0.332031 0.027344 0.031250
1 0.330078 0.250000 0.042969 0.031250
1 0.386719 0.333984 0.062500 0.089844
1 0.455078 0.328125 0.105469 0.062500
1 0.560547 0.300781 0.050781 0.054688
1 0.714844 0.318359 0.054688 0.027344
1 0.767578 0.343750 0.066406 0.039062
1 0.630859 0.416016 0.035156 0.027344
1 0.630859 0.386719 0.050781 0.039062
1 0.923828 0.056641 0.035156 0.035156
1 0.632812 0.046875 0.031250 0.031250
1 0.615234 0.015625 0.035156 0.023438
1 0.203125 0.300781 0.078125 0.085938
1 0.210938 0.250000 0.093750 0.062500
1 0.152344 0.222656 0.054688 0.031250
1 0.287109 0.298828 0.105469 0.105469
1 0.187500 0.144531 0.039062 0.039062
1 0.074219 0.130859 0.039062 0.027344
1 0.117188 0.109375 0.054688 0.046875
1 0.064453 0.087891 0.058594 0.035156
1 0.023438 0.107422 0.023438 0.019531
1 0.054688 0.048828 0.023438 0.027344
1 0.119141 0.041016 0.050781 0.050781
1 0.228516 0.050781 0.042969 0.031250
1 0.181641 0.083984 0.066406 0.058594
1 0.263672 0.093750 0.082031 0.078125
1 0.349609 0.093750 0.089844 0.062500
1 0.355469 0.130859 0.054688 0.027344
1 0.412109 0.177734 0.042969 0.027344
1 0.453125 0.212891 0.054688 0.066406
1 0.423828 0.138672 0.082031 0.097656
1 0.484375 0.148438 0.046875 0.039062
0 0.093750 0.318359 0.179688 0.167969
0 0.957031 0.238281 0.085938 0.117188
0 0.826172 0.261719 0.144531 0.179688
0 0.634766 0.324219 0.097656 0.078125
0 0.560547 0.154297 0.410156 0.300781
1 0.890625 0.263672 0.054688 0.082031
