1 0.474609 0.349609 0.089844 0.042969
1 0.345703 0.339844 0.050781 0.062500
1 0.082031 0.369141 0.031250 0.035156
1 0.076172 0.160156 0.027344 0.031250
1 0.251953 0.150391 0.050781 0.035156
1 0.347656 0.130859 0.054688 0.035156
1 0.355469 0.158203 0.031250 0.035156
1 0.222656 0.025391 0.031250 0.019531
1 0.281250 0.087891 0.039062 0.019531
1 0.339844 0.035156 0.031250 0.031250
1 0.306641 0.050781 0.050781 0.031250
1 0.417969 0.019531 0.031250 0.023438
1 0.406250 0.082031 0.023438 0.023438
1 0.416016 0.101562 0.042969 0.015625
1 0.431641 0.140625 0.027344 0.023438
1 0.462891 0.068359 0.027344 0.019531
1 0.554688 0.095703 0.039062 0.050781
1 0.480469 0.201172 0.078125 0.027344
1 0.644531 0.042969 0.031250 0.039062
1 0.619141 0.181641 0.050781 0.035156
1 0.667969 0.207031 0.054688 0.046875
1 0.968750 0.033203 0.062500 0.050781
1 0.962891 0.048828 0.019531 0.019531
1 0.933594 0.068359 0.023438 0.027344
1 0.847656 0.029297 0.031250 0.019531
1 0.644531 0.285156 0.031250 0.031250
1 0.484375 0.304688 0.046875 0.039062
1 0.556641 0.332031 0.042969 0.039062
1 0.781250 0.394531 0.046875 0.031250
1 0.746094 0.373047 0.078125 0.050781
1 0.958984 0.400391 0.082031 0.058594
1 0.921875 0.457031 0.070312 0.046875
1 0.945312 0.537109 0.023438 0.027344
1 0.896484 0.433594 0.027344 0.023438
1 0.777344 0.470703 0.031250 0.019531
1 0.798828 0.484375 0.035156 0.023438
1 0.824219 0.517578 0.046875 0.035156
1 0.847656 0.572266 0.039062 0.035156
1 0.984375 0.537109 0.031250 0.027344
1 0.980469 0.574219 0.039062 0.031250
1 0.962891 0.603516 0.035156 0.027344
1 0.923828 0.617188 0.082031 0.046875
1 0.847656 0.673828 0.070312 0.058594
1 0.849609 0.623047 0.042969 0.027344
1 0.919922 0.568359 0.074219 0.066406
1 0.673828 0.611328 0.074219 0.050781
1 0.558594 0.570312 0.046875 0.039062
1 0.537109 0.521484 0.058594 0.050781
1 0.408203 0.851562 0.058594 0.054688
1 0.611328 0.875000 0.027344 0.031250
1 0.652344 0.779297 0.046875 0.058594
1 0.613281 0.728516 0.039062 0.035156
1 0.617188 0.662109 0.039062 0.035156
1 0.652344 0.669922 0.023438 0.027344
1 0.720703 0.687500 0.027344 0.023438
1 0.728516 0.628906 0.027344 0.031250
1 0.707031 0.755859 0.031250 0.027344
1 0.667969 0.705078 0.039062 0.035156
1 0.968750 0.121094 0.062500 0.054688
1 0.986328 0.152344 0.027344 0.046875
1 0.863281 0.064453 0.054688 0.042969
0 0.830078 0.791016 0.089844 0.074219
0 0.650391 0.529297 0.160156 0.121094
0 0.781250 0.080078 0.265625 0.152344
0 0.818359 0.281250 0.363281 0.281250
0 0.771484 0.912109 0.457031 0.175781
