1 0.074219 0.810547 0.062500 0.082031
1 0.033203 0.880859 0.019531 0.035156
1 0.074219 0.876953 0.031250 0.027344
1 0.142578 0.957031 0.027344 0.039062
1 0.160156 0.916016 0.031250 0.027344
1 0.093750 0.972656 0.070312 0.054688
1 0.107422 0.312500 0.082031 0.085938
0 0.060547 0.925781 0.066406 0.093750
0 0.064453 0.224609 0.113281 0.113281
1 0.626953 0.156250 0.027344 0.046875
1 0.679688 0.085938 0.031250 0.031250
1 0.619141 0.078125 0.042969 0.054688
1 0.578125 0.080078 0.054688 0.074219
1 0.513672 0.126953 0.035156 0.042969
1 0.394531 0.031250 0.023438 0.023438
1 0.289062 0.021484 0.046875 0.035156
1 0.128906 0.097656 0.054688 0.085938
1 0.099609 0.041016 0.019531 0.035156
1 0.082031 0.056641 0.023438 0.027344
1 0.121094 0.166016 0.031250 0.027344
1 0.025391 0.363281 0.027344 0.023438
1 0.160156 0.226562 0.046875 0.046875
1 0.253906 0.216797 0.031250 0.019531
1 0.369141 0.191406 0.035156 0.039062
1 0.417969 0.208984 0.031250 0.035156
1 0.460938 0.220703 0.046875 0.058594
1 0.583984 0.216797 0.035156 0.035156
1 0.714844 0.199219 0.023438 0.046875
1 0.697266 0.222656 0.035156 0.023438
1 0.755859 0.251953 0.035156 0.027344
1 0.380859 0.253906 0.035156 0.031250
1 0.416016 0.294922 0.058594 0.042969
1 0.427734 0.335938 0.027344 0.031250
1 0.333984 0.347656 0.035156 0.039062
1 0.316406 0.367188 0.023438 0.023438
1 0.785156 0.355469 0.031250 0.031250
1 0.763672 0.599609 0.035156 0.050781
1 0.679688 0.625000 0.031250 0.023438
1 0.439453 0.900391 0.027344 0.027344
1 0.406250 0.388672 0.062500 0.042969
1 0.351562 0.386719 0.023438 0.031250
1 0.494141 0.392578 0.042969 0.042969
1 0.533203 0.429688 0.042969 0.039062
1 0.535156 0.474609 0.031250 0.027344
1 0.371094 0.455078 0.039062 0.027344
1 0.437500 0.500000 0.023438 0.031250
1 0.228516 0.501953 0.027344 0.027344
1 0.320312 0.578125 0.039062 0.023438
1 0.367188 0.677734 0.031250 0.042969
1 0.296875 0.710938 0.039062 0.039062
1 0.269531 0.708984 0.039062 0.058594
1 0.179688 0.761719 0.031250 0.031250
1 0.220703 0.769531 0.027344 0.031250
1 0.242188 0.810547 0.039062 0.027344
1 0.164062 0.859375 0.046875 0.039062
