0 0.468750 0.230469 0.101562 0.148438
0 0.558594 0.226562 0.093750 0.093750
0 0.548828 0.048828 0.136719 0.089844
1 0.707031 0.207031 0.046875 0.039062
1 0.650391 0.259766 0.027344 0.027344
1 0.486328 0.123047 0.035156 0.035156
1 0.439453 0.072266 0.035156 0.042969
1 0.363281 0.119141 0.031250 0.042969
1 0.267578 0.146484 0.042969 0.035156
1 0.089844 0.298828 0.062500 0.058594
1 0.248047 0.451172 0.027344 0.019531
1 0.394531 0.560547 0.023438 0.019531
1 0.384766 0.656250 0.019531 0.023438
1 0.546875 0.773438 0.031250 0.039062
1 0.662109 0.880859 0.019531 0.027344
