1 0.701172 0.468750 0.042969 0.046875
1 0.941406 0.609375 0.054688 0.039062
1 0.548828 0.564453 0.027344 0.035156
1 0.593750 0.544922 0.031250 0.035156
1 0.478516 0.714844 0.042969 0.031250
1 0.373047 0.587891 0.035156 0.035156
1 0.332031 0.437500 0.031250 0.023438
1 0.851562 0.029297 0.031250 0.019531
1 0.585938 0.441406 0.023438 0.023438
1 0.527344 0.417969 0.031250 0.023438
1 0.542969 0.363281 0.031250 0.023438
1 0.552734 0.390625 0.027344 0.031250
1 0.509766 0.382812 0.050781 0.039062
1 0.242188 0.412109 0.039062 0.042969
1 0.494141 0.232422 0.035156 0.035156
1 0.541016 0.226562 0.058594 0.070312
1 0.460938 0.257812 0.039062 0.031250
1 0.419922 0.212891 0.035156 0.027344
1 0.187500 0.343750 0.039062 0.046875
1 0.171875 0.289062 0.046875 0.039062
1 0.140625 0.248047 0.039062 0.035156
1 0.179688 0.238281 0.031250 0.031250
1 0.201172 0.218750 0.027344 0.031250
1 0.144531 0.185547 0.046875 0.035156
1 0.242188 0.126953 0.078125 0.066406
1 0.304688 0.121094 0.039062 0.046875
1 0.347656 0.121094 0.054688 0.046875
1 0.292969 0.074219 0.085938 0.062500
1 0.300781 0.025391 0.046875 0.042969
1 0.189453 0.068359 0.035156 0.027344
1 0.357422 0.023438 0.027344 0.023438
1 0.427734 0.021484 0.027344 0.027344
1 0.472656 0.031250 0.039062 0.046875
1 0.486328 0.074219 0.089844 0.070312
1 0.562500 0.089844 0.101562 0.054688
1 0.544922 0.046875 0.042969 0.031250
1 0.839844 0.796875 0.039062 0.031250
1 0.703125 0.962891 0.039062 0.050781
0 0.904297 0.966797 0.113281 0.066406
0 0.974609 0.859375 0.050781 0.132812
0 0.945312 0.533203 0.109375 0.105469
0 0.761719 0.583984 0.289062 0.191406
0 0.937500 0.724609 0.125000 0.175781
0 0.833984 0.777344 0.167969 0.085938
0 0.693359 0.783203 0.355469 0.222656
0 0.808594 0.919922 0.289062 0.160156
