1 0.667969 0.060547 0.046875 0.050781
1 0.701172 0.146484 0.042969 0.035156
1 0.800781 0.156250 0.054688 0.039062
1 0.798828 0.076172 0.035156 0.027344
1 0.857422 0.115234 0.035156 0.042969
1 0.917969 0.095703 0.031250 0.035156
1 0.894531 0.046875 0.039062 0.031250
1 0.845703 0.011719 0.035156 0.015625
1 0.986328 0.066406 0.027344 0.039062
1 0.982422 0.107422 0.035156 0.042969
1 0.964844 0.132812 0.039062 0.031250
1 0.976562 0.166016 0.046875 0.035156
1 0.890625 0.203125 0.039062 0.031250
1 0.957031 0.248047 0.085938 0.074219
1 0.812500 0.244141 0.039062 0.035156
1 0.814453 0.277344 0.042969 0.031250
1 0.847656 0.300781 0.054688 0.039062
1 0.966797 0.302734 0.050781 0.074219
1 0.900391 0.332031 0.089844 0.046875
1 0.892578 0.417969 0.058594 0.039062
1 0.923828 0.388672 0.027344 0.027344
1 0.988281 0.380859 0.015625 0.035156
1 0.968750 0.431641 0.062500 0.082031
1 0.921875 0.480469 0.054688 0.070312
1 0.927734 0.541016 0.058594 0.050781
1 0.982422 0.521484 0.035156 0.074219
1 0.851562 0.515625 0.046875 0.046875
1 0.812500 0.478516 0.023438 0.027344
1 0.746094 0.470703 0.046875 0.035156
1 0.734375 0.378906 0.039062 0.031250
1 0.835938 0.390625 0.125000 0.085938
1 0.433594 0.119141 0.039062 0.035156
1 0.710938 0.312500 0.148438 0.054688
1 0.818359 0.337891 0.074219 0.066406
1 0.775391 0.375000 0.066406 0.070312
1 0.656250 0.367188 0.070312 0.046875
1 0.605469 0.177734 0.046875 0.042969
1 0.556641 0.193359 0.035156 0.027344
1 0.474609 0.212891 0.058594 0.050781
1 0.611328 0.240234 0.058594 0.066406
1 0.626953 0.273438 0.050781 0.054688
1 0.603516 0.310547 0.050781 0.035156
1 0.552734 0.265625 0.050781 0.054688
1 0.474609 0.250000 0.113281 0.078125
1 0.345703 0.177734 0.042969 0.035156
1 0.025391 0.164062 0.042969 0.031250
1 0.066406 0.351562 0.054688 0.054688
1 0.119141 0.365234 0.027344 0.027344
1 0.171875 0.359375 0.023438 0.031250
1 0.253906 0.330078 0.031250 0.027344
1 0.261719 0.373047 0.039062 0.042969
1 0.392578 0.312500 0.058594 0.039062
1 0.486328 0.320312 0.035156 0.039062
1 0.462891 0.394531 0.035156 0.023438
1 0.142578 0.429688 0.074219 0.062500
1 0.082031 0.402344 0.046875 0.039062
1 0.033203 0.427734 0.042969 0.050781
1 0.644531 0.404297 0.070312 0.035156
1 0.218750 0.408203 0.031250 0.050781
1 0.771484 0.646484 0.050781 0.058594
1 0.691406 0.619141 0.031250 0.035156
1 0.839844 0.734375 0.046875 0.039062
1 0.820312 0.779297 0.054688 0.082031
1 0.759766 0.697266 0.027344 0.035156
1 0.753906 0.722656 0.023438 0.031250
1 0.822266 0.835938 0.035156 0.031250
1 0.937500 0.949219 0.062500 0.054688
1 0.867188 0.875000 0.031250 0.031250
1 0.033203 0.972656 0.058594 0.054688
1 0.142578 0.988281 0.035156 0.023438
1 0.197266 0.978516 0.058594 0.035156
1 0.201172 0.943359 0.027344 0.035156
1 0.083984 0.925781 0.035156 0.023438
1 0.041016 0.906250 0.035156 0.031250
1 0.312500 0.976562 0.054688 0.039062
1 0.365234 0.978516 0.027344 0.035156
1 0.349609 0.941406 0.066406 0.046875
1 0.494141 0.792969 0.035156 0.031250
1 0.404297 0.755859 0.027344 0.027344
1 0.394531 0.769531 0.031250 0.023438
1 0.384766 0.388672 0.113281 0.074219
1 0.033203 0.722656 0.035156 0.023438
1 0.029297 0.750000 0.050781 0.031250
1 0.017578 0.781250 0.027344 0.031250
1 0.066406 0.781250 0.031250 0.023438
1 0.121094 0.748047 0.054688 0.042969
1 0.246094 0.884766 0.070312 0.050781
1 0.326172 0.865234 0.035156 0.035156
1 0.306641 0.886719 0.027344 0.023438
1 0.339844 0.906250 0.039062 0.023438
1 0.382812 0.902344 0.046875 0.031250
1 0.662109 0.968750 0.027344 0.031250
1 0.548828 0.990234 0.042969 0.019531
1 0.728516 0.958984 0.058594 0.042969
1 0.761719 0.912109 0.054688 0.042969
1 0.677734 0.886719 0.042969 0.031250
1 0.652344 0.859375 0.039062 0.023438
1 0.533203 0.845703 0.035156 0.035156
1 0.587891 0.845703 0.074219 0.082031
1 0.568359 0.910156 0.035156 0.039062
1 0.552734 0.880859 0.027344 0.027344
1 0.601562 0.916016 0.031250 0.027344
1 0.525391 0.923828 0.066406 0.042969
0 0.554688 0.359375 0.125000 0.085938
0 0.056641 0.849609 0.105469 0.089844
0 0.429688 0.861328 0.148438 0.183594
0 0.253906 0.429688 0.109375 0.085938
0 0.087891 0.617188 0.167969 0.210938
0 0.630859 0.441406 0.230469 0.093750
0 0.226562 0.822266 0.242188 0.160156
0 0.265625 0.716797 0.226562 0.082031
0 0.347656 0.556641 0.359375 0.300781
0 0.548828 0.650391 0.277344 0.332031
