1 0.771484 0.078125 0.074219 0.070312
1 0.923828 0.035156 0.019531 0.031250
1 0.628906 0.101562 0.023438 0.031250
1 0.666016 0.173828 0.035156 0.027344
1 0.419922 0.207031 0.027344 0.023438
1 0.333984 0.164062 0.058594 0.054688
1 0.259766 0.218750 0.035156 0.023438
1 0.333984 0.101562 0.035156 0.039062
1 0.314453 0.066406 0.027344 0.023438
1 0.234375 0.041016 0.023438 0.027344
1 0.226562 0.070312 0.031250 0.031250
1 0.294922 0.031250 0.066406 0.054688
1 0.230469 0.341797 0.039062 0.042969
1 0.046875 0.369141 0.054688 0.035156
1 0.021484 0.246094 0.027344 0.031250
1 0.156250 0.382812 0.023438 0.023438
1 0.306641 0.353516 0.042969 0.035156
1 0.283203 0.478516 0.027344 0.027344
1 0.388672 0.400391 0.027344 0.019531
1 0.435547 0.404297 0.058594 0.042969
1 0.515625 0.390625 0.031250 0.023438
1 0.589844 0.412109 0.039062 0.035156
1 0.640625 0.410156 0.031250 0.023438
1 0.675781 0.447266 0.039062 0.035156
1 0.658203 0.472656 0.027344 0.023438
1 0.623047 0.486328 0.035156 0.035156
1 0.505859 0.500000 0.027344 0.023438
1 0.451172 0.494141 0.027344 0.027344
1 0.458984 0.541016 0.027344 0.027344
1 0.404297 0.558594 0.027344 0.023438
1 0.355469 0.550781 0.031250 0.031250
1 0.730469 0.566406 0.039062 0.039062
1 0.605469 0.570312 0.023438 0.023438
1 0.529297 0.650391 0.019531 0.027344
1 0.683594 0.619141 0.054688 0.035156
1 0.775391 0.570312 0.035156 0.023438
1 0.804688 0.562500 0.031250 0.023438
1 0.955078 0.587891 0.027344 0.027344
1 0.962891 0.761719 0.035156 0.031250
1 0.912109 0.660156 0.042969 0.039062
1 0.830078 0.679688 0.050781 0.046875
1 0.869141 0.687500 0.035156 0.023438
1 0.593750 0.687500 0.039062 0.031250
1 0.691406 0.726562 0.031250 0.039062
1 0.732422 0.708984 0.050781 0.035156
1 0.736328 0.681641 0.042969 0.035156
1 0.605469 0.744141 0.046875 0.050781
1 0.613281 0.781250 0.046875 0.031250
1 0.720703 0.773438 0.035156 0.031250
1 0.490234 0.888672 0.035156 0.027344
1 0.351562 0.962891 0.039062 0.035156
1 0.421875 0.958984 0.054688 0.042969
1 0.500000 0.929688 0.039062 0.031250
1 0.451172 0.943359 0.074219 0.074219
1 0.580078 0.964844 0.035156 0.031250
1 0.658203 0.966797 0.058594 0.066406
1 0.982422 0.982422 0.035156 0.035156
1 0.962891 0.900391 0.042969 0.035156
1 0.804688 0.828125 0.023438 0.015625
0 0.195312 0.287109 0.117188 0.167969
0 0.832031 0.781250 0.062500 0.078125
0 0.757812 0.822266 0.101562 0.089844
0 0.523438 0.976562 0.085938 0.046875
0 0.726562 0.962891 0.109375 0.058594
0 0.816406 0.904297 0.273438 0.160156
0 0.611328 0.873047 0.191406 0.175781
