1 0.150391 0.878906 0.042969 0.062500
1 0.826172 0.884766 0.058594 0.058594
1 0.839844 0.832031 0.046875 0.039062
1 0.916016 0.843750 0.035156 0.039062
1 0.929688 0.818359 0.031250 0.035156
1 0.927734 0.894531 0.027344 0.039062
1 0.921875 0.783203 0.031250 0.035156
1 0.888672 0.763672 0.035156 0.027344
1 0.878906 0.783203 0.039062 0.027344
1 0.902344 0.718750 0.031250 0.031250
1 0.972656 0.660156 0.031250 0.039062
1 0.978516 0.572266 0.035156 0.035156
1 0.939453 0.570312 0.042969 0.031250
1 0.849609 0.554688 0.058594 0.062500
1 0.755859 0.576172 0.019531 0.019531
1 0.765625 0.646484 0.023438 0.027344
1 0.699219 0.683594 0.031250 0.031250
1 0.666016 0.707031 0.042969 0.031250
1 0.621094 0.724609 0.023438 0.027344
1 0.750000 0.865234 0.039062 0.035156
1 0.699219 0.863281 0.023438 0.031250
1 0.658203 0.763672 0.027344 0.035156
1 0.595703 0.824219 0.050781 0.054688
1 0.656250 0.939453 0.039062 0.035156
1 0.744141 0.933594 0.027344 0.039062
1 0.777344 0.935547 0.031250 0.027344
1 0.757812 0.970703 0.023438 0.035156
1 0.552734 0.980469 0.042969 0.039062
1 0.507812 0.937500 0.031250 0.023438
1 0.414062 0.958984 0.023438 0.027344
1 0.373047 0.945312 0.019531 0.023438
1 0.332031 0.962891 0.023438 0.035156
1 0.304688 0.968750 0.031250 0.023438
1 0.271484 0.970703 0.035156 0.019531
1 0.232422 0.943359 0.042969 0.027344
1 0.101562 0.953125 0.031250 0.015625
1 0.080078 0.974609 0.027344 0.035156
1 0.250000 0.787109 0.046875 0.035156
1 0.330078 0.873047 0.042969 0.035156
1 0.341797 0.917969 0.066406 0.046875
1 0.386719 0.910156 0.031250 0.039062
1 0.412109 0.843750 0.066406 0.070312
1 0.490234 0.830078 0.035156 0.027344
1 0.533203 0.757812 0.027344 0.031250
1 0.486328 0.759766 0.050781 0.066406
1 0.445312 0.765625 0.054688 0.101562
1 0.392578 0.777344 0.035156 0.039062
1 0.355469 0.783203 0.031250 0.035156
1 0.324219 0.746094 0.031250 0.023438
1 0.380859 0.718750 0.035156 0.039062
1 0.365234 0.685547 0.042969 0.042969
1 0.419922 0.691406 0.019531 0.031250
1 0.226562 0.701172 0.062500 0.035156
1 0.169922 0.630859 0.035156 0.035156
1 0.291016 0.642578 0.027344 0.027344
1 0.185547 0.515625 0.035156 0.031250
1 0.261719 0.501953 0.031250 0.035156
1 0.304688 0.533203 0.039062 0.035156
1 0.367188 0.500000 0.031250 0.031250
1 0.533203 0.525391 0.074219 0.074219
1 0.621094 0.488281 0.046875 0.039062
1 0.589844 0.539062 0.031250 0.031250
1 0.578125 0.642578 0.039062 0.027344
1 0.521484 0.681641 0.027344 0.035156
1 0.660156 0.626953 0.039062 0.027344
1 0.707031 0.527344 0.046875 0.031250
1 0.796875 0.472656 0.023438 0.023438
1 0.714844 0.433594 0.062500 0.054688
1 0.712891 0.382812 0.035156 0.023438
1 0.765625 0.388672 0.031250 0.035156
1 0.798828 0.406250 0.035156 0.031250
1 0.845703 0.408203 0.050781 0.035156
1 0.898438 0.416016 0.039062 0.035156
1 0.906250 0.396484 0.023438 0.027344
1 0.853516 0.474609 0.042969 0.035156
1 0.841797 0.445312 0.035156 0.031250
1 0.962891 0.261719 0.035156 0.031250
1 0.912109 0.062500 0.027344 0.023438
1 0.878906 0.035156 0.023438 0.031250
1 0.908203 0.025391 0.058594 0.042969
1 0.824219 0.046875 0.046875 0.039062
1 0.767578 0.308594 0.035156 0.031250
1 0.976562 0.285156 0.046875 0.039062
1 0.947266 0.304688 0.050781 0.046875
1 0.636719 0.345703 0.062500 0.050781
1 0.474609 0.685547 0.050781 0.058594
1 0.484375 0.628906 0.070312 0.054688
1 0.460938 0.587891 0.046875 0.027344
1 0.419922 0.656250 0.050781 0.031250
1 0.410156 0.605469 0.093750 0.054688
1 0.173828 0.423828 0.058594 0.035156
1 0.087891 0.333984 0.019531 0.042969
1 0.085938 0.273438 0.085938 0.085938
1 0.042969 0.220703 0.031250 0.042969
1 0.011719 0.177734 0.015625 0.035156
1 0.128906 0.128906 0.093750 0.046875
1 0.107422 0.089844 0.027344 0.015625
1 0.146484 0.070312 0.027344 0.031250
1 0.144531 0.015625 0.031250 0.023438
1 0.193359 0.025391 0.019531 0.019531
1 0.357422 0.019531 0.027344 0.023438
1 0.427734 0.054688 0.027344 0.039062
1 0.630859 0.095703 0.027344 0.027344
1 0.601562 0.175781 0.031250 0.031250
1 0.525391 0.205078 0.042969 0.042969
1 0.470703 0.218750 0.042969 0.031250
1 0.410156 0.253906 0.046875 0.070312
1 0.443359 0.134766 0.058594 0.050781
1 0.496094 0.140625 0.031250 0.046875
1 0.333984 0.080078 0.035156 0.027344
1 0.298828 0.121094 0.050781 0.046875
1 0.214844 0.130859 0.031250 0.027344
1 0.132812 0.177734 0.031250 0.027344
1 0.208984 0.203125 0.027344 0.031250
1 0.234375 0.169922 0.046875 0.042969
1 0.371094 0.132812 0.093750 0.078125
1 0.160156 0.308594 0.031250 0.031250
1 0.201172 0.283203 0.050781 0.042969
1 0.244141 0.273438 0.035156 0.031250
1 0.214844 0.320312 0.039062 0.039062
1 0.214844 0.490234 0.054688 0.066406
1 0.332031 0.576172 0.046875 0.050781
1 0.396484 0.539062 0.089844 0.085938
1 0.289062 0.322266 0.062500 0.066406
1 0.238281 0.238281 0.070312 0.046875
0 0.330078 0.230469 0.136719 0.125000
0 0.029297 0.541016 0.050781 0.089844
0 0.056641 0.085938 0.105469 0.164062
0 0.859375 0.937500 0.132812 0.125000
0 0.421875 0.375000 0.406250 0.312500
0 0.871094 0.253906 0.195312 0.273438
0 0.707031 0.203125 0.171875 0.375000
1 0.828125 0.091797 0.093750 0.050781
