1 0.060547 0.033203 0.058594 0.035156
1 0.082031 0.080078 0.031250 0.027344
1 0.037109 0.099609 0.027344 0.019531
1 0.189453 0.152344 0.082031 0.085938
1 0.234375 0.091797 0.039062 0.035156
1 0.457031 0.056641 0.031250 0.027344
1 0.521484 0.087891 0.050781 0.042969
1 0.490234 0.121094 0.035156 0.031250
1 0.494141 0.146484 0.035156 0.042969
1 0.441406 0.144531 0.023438 0.031250
1 0.722656 0.017578 0.062500 0.027344
1 0.777344 0.025391 0.039062 0.027344
1 0.716797 0.048828 0.035156 0.027344
1 0.660156 0.083984 0.031250 0.027344
1 0.646484 0.136719 0.019531 0.031250
1 0.580078 0.164062 0.027344 0.031250
1 0.523438 0.191406 0.046875 0.031250
1 0.480469 0.230469 0.039062 0.046875
1 0.144531 0.283203 0.039062 0.042969
1 0.189453 0.316406 0.027344 0.023438
1 0.039062 0.316406 0.039062 0.031250
1 0.019531 0.359375 0.031250 0.039062
1 0.351562 0.283203 0.039062 0.027344
1 0.408203 0.296875 0.027344 0.031250
1 0.332031 0.322266 0.070312 0.074219
1 0.349609 0.386719 0.027344 0.031250
1 0.300781 0.394531 0.031250 0.023438
1 0.492188 0.298828 0.054688 0.027344
1 0.515625 0.316406 0.031250 0.023438
1 0.533203 0.267578 0.035156 0.042969
1 0.578125 0.253906 0.039062 0.054688
1 0.625000 0.179688 0.039062 0.039062
1 0.669922 0.156250 0.035156 0.031250
1 0.652344 0.207031 0.031250 0.039062
1 0.615234 0.220703 0.035156 0.035156
1 0.634766 0.248047 0.019531 0.027344
1 0.658203 0.259766 0.035156 0.027344
1 0.728516 0.128906 0.050781 0.078125
1 0.781250 0.068359 0.054688 0.074219
1 0.828125 0.087891 0.023438 0.035156
1 0.886719 0.082031 0.039062 0.015625
1 0.794922 0.123047 0.019531 0.019531
1 0.775391 0.115234 0.035156 0.035156
1 0.855469 0.136719 0.046875 0.054688
1 0.833984 0.162109 0.027344 0.027344
1 0.798828 0.169922 0.042969 0.042969
1 0.765625 0.208984 0.046875 0.027344
1 0.712891 0.244141 0.035156 0.035156
1 0.763672 0.253906 0.050781 0.046875
1 0.773438 0.291016 0.031250 0.027344
1 0.851562 0.210938 0.031250 0.046875
1 0.964844 0.207031 0.031250 0.031250
1 0.955078 0.236328 0.074219 0.042969
1 0.962891 0.271484 0.050781 0.035156
1 0.888672 0.240234 0.035156 0.035156
1 0.898438 0.294922 0.046875 0.058594
1 0.929688 0.353516 0.031250 0.035156
1 0.066406 0.982422 0.031250 0.035156
1 0.033203 0.976562 0.027344 0.023438
1 0.208984 0.978516 0.042969 0.035156
1 0.244141 0.953125 0.019531 0.031250
1 0.312500 0.966797 0.031250 0.027344
1 0.289062 0.890625 0.062500 0.046875
1 0.259766 0.916016 0.027344 0.027344
1 0.226562 0.914062 0.039062 0.046875
1 0.164062 0.894531 0.031250 0.031250
1 0.115234 0.945312 0.074219 0.062500
1 0.066406 0.931641 0.031250 0.027344
1 0.058594 0.884766 0.039062 0.035156
1 0.037109 0.853516 0.066406 0.035156
1 0.017578 0.880859 0.027344 0.035156
1 0.111328 0.859375 0.066406 0.078125
1 0.185547 0.861328 0.035156 0.027344
1 0.228516 0.841797 0.042969 0.042969
1 0.310547 0.833984 0.035156 0.027344
1 0.330078 0.775391 0.042969 0.035156
1 0.677734 0.863281 0.027344 0.023438
1 0.748047 0.833984 0.035156 0.035156
1 0.802734 0.855469 0.027344 0.023438
1 0.792969 0.767578 0.039062 0.027344
1 0.982422 0.791016 0.035156 0.035156
1 0.873047 0.701172 0.035156 0.042969
1 0.746094 0.671875 0.031250 0.031250
1 0.720703 0.683594 0.035156 0.031250
1 0.683594 0.687500 0.039062 0.039062
1 0.654297 0.699219 0.027344 0.015625
1 0.707031 0.738281 0.046875 0.039062
1 0.902344 0.605469 0.054688 0.039062
1 0.933594 0.539062 0.031250 0.031250
1 0.962891 0.529297 0.042969 0.035156
1 0.980469 0.500000 0.039062 0.046875
1 0.921875 0.490234 0.054688 0.050781
1 0.867188 0.410156 0.054688 0.054688
1 0.832031 0.447266 0.023438 0.019531
1 0.837891 0.480469 0.019531 0.023438
1 0.857422 0.468750 0.035156 0.023438
1 0.865234 0.498047 0.027344 0.027344
1 0.835938 0.527344 0.031250 0.031250
1 0.591797 0.306641 0.050781 0.042969
1 0.697266 0.310547 0.042969 0.042969
1 0.683594 0.359375 0.039062 0.031250
1 0.671875 0.388672 0.046875 0.042969
1 0.544922 0.345703 0.035156 0.042969
1 0.529297 0.375000 0.035156 0.039062
1 0.076172 0.445312 0.058594 0.062500
1 0.048828 0.609375 0.042969 0.039062
1 0.033203 0.671875 0.050781 0.062500
1 0.083984 0.718750 0.042969 0.039062
1 0.125000 0.740234 0.031250 0.035156
1 0.208984 0.728516 0.027344 0.035156
1 0.271484 0.683594 0.027344 0.023438
1 0.253906 0.646484 0.031250 0.027344
1 0.171875 0.611328 0.046875 0.027344
1 0.187500 0.642578 0.039062 0.035156
1 0.091797 0.660156 0.035156 0.039062
1 0.126953 0.683594 0.050781 0.039062
1 0.287109 0.718750 0.042969 0.031250
1 0.197266 0.574219 0.042969 0.046875
1 0.332031 0.464844 0.023438 0.023438
1 0.345703 0.486328 0.050781 0.050781
1 0.384766 0.503906 0.058594 0.046875
1 0.447266 0.478516 0.066406 0.035156
1 0.464844 0.533203 0.054688 0.058594
1 0.476562 0.583984 0.070312 0.042969
1 0.505859 0.611328 0.042969 0.042969
1 0.466797 0.613281 0.042969 0.039062
1 0.429688 0.632812 0.046875 0.039062
1 0.482422 0.638672 0.027344 0.027344
1 0.556641 0.476562 0.035156 0.031250
1 0.585938 0.492188 0.039062 0.023438
1 0.173828 0.798828 0.074219 0.050781
1 0.265625 0.826172 0.046875 0.042969
1 0.580078 0.357422 0.042969 0.042969
0 0.322266 0.189453 0.222656 0.152344
0 0.894531 0.025391 0.195312 0.042969
0 0.970703 0.103516 0.058594 0.144531
0 0.921875 0.169922 0.085938 0.105469
0 0.958984 0.365234 0.082031 0.167969
0 0.839844 0.294922 0.078125 0.097656
0 0.212891 0.443359 0.199219 0.175781
1 0.794922 0.351562 0.097656 0.039062
1 0.744141 0.396484 0.058594 0.066406
1 0.751953 0.453125 0.066406 0.062500
1 0.800781 0.519531 0.070312 0.085938
1 0.617188 0.380859 0.101562 0.105469
1 0.626953 0.462891 0.105469 0.058594
1 0.271484 0.558594 0.089844 0.062500
0 0.361328 0.585938 0.105469 0.117188
0 0.722656 0.533203 0.070312 0.121094
0 0.611328 0.542969 0.152344 0.093750
0 0.599609 0.628906 0.160156 0.085938
1 0.511719 0.509766 0.062500 0.121094
0 0.908203 0.792969 0.113281 0.140625
0 0.945312 0.910156 0.109375 0.179688
0 0.556641 0.937500 0.089844 0.125000
0 0.496094 0.787109 0.421875 0.316406
1 0.259766 0.767578 0.089844 0.089844
