0 0.144531 0.599609 0.132812 0.152344
0 0.785156 0.105469 0.257812 0.203125
0 0.453125 0.417969 0.304688 0.203125
1 0.978516 0.117188 0.042969 0.054688
1 0.636719 0.384766 0.062500 0.097656
1 0.976562 0.375000 0.046875 0.085938
1 0.458984 0.292969 0.082031 0.078125
1 0.332031 0.398438 0.046875 0.054688
1 0.261719 0.130859 0.062500 0.082031
1 0.279297 0.042969 0.058594 0.070312
1 0.330078 0.041016 0.050781 0.074219
1 0.058594 0.201172 0.039062 0.035156
1 0.322266 0.205078 0.089844 0.082031
0 0.443359 0.142578 0.261719 0.277344
0 0.148438 0.160156 0.171875 0.242188
0 0.068359 0.042969 0.128906 0.078125
0 0.027344 0.156250 0.046875 0.132812
0 0.042969 0.792969 0.078125 0.242188
