0 0.193359 0.738281 0.167969 0.156250
0 0.507812 0.732422 0.156250 0.238281
0 0.289062 0.244141 0.320312 0.480469
0 0.554688 0.050781 0.234375 0.093750
0 0.082031 0.195312 0.156250 0.195312
1 0.728516 0.263672 0.066406 0.050781
1 0.753906 0.324219 0.054688 0.070312
1 0.689453 0.304688 0.027344 0.023438
1 0.718750 0.087891 0.093750 0.050781
1 0.789062 0.068359 0.046875 0.058594
1 0.017578 0.865234 0.027344 0.035156
1 0.097656 0.876953 0.031250 0.027344
1 0.068359 0.066406 0.082031 0.078125
1 0.050781 0.017578 0.031250 0.027344
