1 0.300781 0.167969 0.031250 0.039062
1 0.400391 0.105469 0.035156 0.023438
1 0.646484 0.132812 0.035156 0.085938
1 0.683594 0.095703 0.023438 0.027344
1 0.697266 0.070312 0.027344 0.023438
1 0.710938 0.027344 0.039062 0.046875
1 0.628906 0.021484 0.054688 0.035156
1 0.904297 0.095703 0.058594 0.074219
1 0.841797 0.943359 0.058594 0.058594
1 0.939453 0.541016 0.027344 0.027344
0 0.828125 0.031250 0.117188 0.054688
0 0.494141 0.083984 0.144531 0.160156
0 0.740234 0.314453 0.300781 0.425781
0 0.957031 0.486328 0.085938 0.175781
0 0.919922 0.857422 0.089844 0.285156
0 0.593750 0.875000 0.156250 0.250000
0 0.431641 0.437500 0.105469 0.117188
0 0.373047 0.312500 0.183594 0.125000
0 0.111328 0.513672 0.199219 0.324219
0 0.189453 0.623047 0.191406 0.425781
0 0.033203 0.876953 0.058594 0.144531
