1 0.193359 0.345703 0.058594 0.035156
1 0.166016 0.373047 0.042969 0.035156
1 0.251953 0.556641 0.027344 0.027344
1 0.720703 0.429688 0.035156 0.046875
1 0.777344 0.464844 0.054688 0.039062
1 0.957031 0.154297 0.023438 0.027344
1 0.906250 0.875000 0.039062 0.062500
1 0.740234 0.666016 0.035156 0.035156
0 0.916016 0.080078 0.167969 0.105469
0 0.714844 0.271484 0.265625 0.222656
0 0.875000 0.380859 0.125000 0.128906
0 0.835938 0.523438 0.187500 0.101562
0 0.962891 0.792969 0.074219 0.093750
0 0.720703 0.769531 0.191406 0.179688
0 0.240234 0.960938 0.167969 0.078125
0 0.351562 0.708984 0.234375 0.214844
0 0.113281 0.746094 0.218750 0.210938
0 0.406250 0.523438 0.132812 0.156250
0 0.119141 0.085938 0.175781 0.164062
0 0.126953 0.207031 0.167969 0.101562
0 0.373047 0.162109 0.417969 0.269531
