1 0.125000 0.283203 0.070312 0.074219
1 0.085938 0.142578 0.054688 0.082031
1 0.425781 0.113281 0.054688 0.046875
1 0.607422 0.068359 0.066406 0.042969
1 0.500000 0.283203 0.039062 0.035156
1 0.326172 0.382812 0.050781 0.054688
1 0.109375 0.500000 0.031250 0.031250
1 0.062500 0.521484 0.023438 0.027344
1 0.101562 0.566406 0.039062 0.039062
1 0.128906 0.554688 0.031250 0.031250
1 0.587891 0.466797 0.050781 0.035156
1 0.052734 0.677734 0.035156 0.042969
1 0.052734 0.736328 0.050781 0.058594
1 0.503906 0.929688 0.031250 0.031250
1 0.753906 0.529297 0.062500 0.042969
1 0.929688 0.449219 0.078125 0.046875
1 0.761719 0.345703 0.062500 0.050781
1 0.568359 0.423828 0.113281 0.074219
1 0.712891 0.447266 0.105469 0.082031
1 0.593750 0.285156 0.101562 0.062500
1 0.662109 0.890625 0.074219 0.070312
0 0.472656 0.585938 0.148438 0.179688
0 0.169922 0.820312 0.207031 0.101562
0 0.191406 0.960938 0.132812 0.078125
0 0.609375 0.833984 0.171875 0.214844
0 0.056641 0.433594 0.105469 0.203125
0 0.027344 0.185547 0.046875 0.097656
0 0.216797 0.103516 0.214844 0.199219
0 0.537109 0.179688 0.332031 0.203125
0 0.839844 0.318359 0.320312 0.207031
0 0.867188 0.556641 0.085938 0.175781
0 0.890625 0.957031 0.218750 0.085938
0 0.732422 0.953125 0.175781 0.093750
