1 0.656250 0.636719 0.039062 0.039062
1 0.964844 0.976562 0.046875 0.046875
1 0.882812 0.957031 0.054688 0.039062
1 0.277344 0.978516 0.054688 0.042969
1 0.152344 0.826172 0.031250 0.019531
1 0.318359 0.740234 0.042969 0.035156
1 0.160156 0.203125 0.046875 0.054688
1 0.466797 0.769531 0.089844 0.054688
1 0.652344 0.201172 0.031250 0.050781
1 0.697266 0.246094 0.082031 0.062500
0 0.669922 0.121094 0.230469 0.234375
0 0.242188 0.080078 0.226562 0.152344
0 0.089844 0.062500 0.171875 0.117188
0 0.076172 0.259766 0.144531 0.089844
0 0.406250 0.523438 0.140625 0.109375
0 0.138672 0.642578 0.253906 0.199219
0 0.031250 0.570312 0.054688 0.109375
0 0.148438 0.781250 0.289062 0.078125
0 0.123047 0.917969 0.191406 0.148438
0 0.664062 0.880859 0.148438 0.238281
0 0.787109 0.888672 0.128906 0.152344
0 0.958984 0.566406 0.082031 0.062500
