1 0.427734 0.113281 0.050781 0.062500
1 0.466797 0.173828 0.027344 0.019531
1 0.695312 0.144531 0.054688 0.054688
1 0.820312 0.248047 0.093750 0.058594
1 0.902344 0.546875 0.101562 0.078125
1 0.765625 0.478516 0.062500 0.066406
1 0.681641 0.398438 0.027344 0.039062
1 0.591797 0.388672 0.074219 0.042969
1 0.382812 0.308594 0.070312 0.039062
1 0.107422 0.919922 0.035156 0.035156
1 0.166016 0.986328 0.050781 0.027344
1 0.521484 0.927734 0.027344 0.027344
1 0.480469 0.794922 0.039062 0.035156
1 0.853516 0.650391 0.050781 0.050781
1 0.900391 0.652344 0.050781 0.046875
1 0.988281 0.820312 0.023438 0.054688
1 0.949219 0.869141 0.062500 0.066406
1 0.888672 0.908203 0.058594 0.058594
1 0.847656 0.945312 0.039062 0.039062
1 0.496094 0.982422 0.046875 0.035156
1 0.792969 0.175781 0.062500 0.054688
1 0.601562 0.335938 0.078125 0.070312
1 0.638672 0.283203 0.066406 0.058594
0 0.117188 0.714844 0.226562 0.421875
0 0.156250 0.423828 0.179688 0.082031
0 0.300781 0.970703 0.187500 0.058594
0 0.435547 0.861328 0.160156 0.136719
0 0.583984 0.779297 0.160156 0.136719
0 0.744141 0.666016 0.183594 0.097656
0 0.957031 0.404297 0.085938 0.074219
0 0.742188 0.519531 0.343750 0.195312
0 0.568359 0.457031 0.128906 0.078125
0 0.490234 0.367188 0.144531 0.125000
0 0.724609 0.287109 0.121094 0.207031
0 0.527344 0.197266 0.265625 0.144531
0 0.314453 0.208984 0.175781 0.089844
0 0.335938 0.123047 0.140625 0.074219
0 0.123047 0.080078 0.238281 0.128906
0 0.101562 0.253906 0.195312 0.203125
