1 0.640625 0.023438 0.039062 0.039062
1 0.439453 0.212891 0.042969 0.050781
1 0.335938 0.255859 0.062500 0.144531
1 0.316406 0.353516 0.039062 0.035156
1 0.679688 0.390625 0.093750 0.101562
1 0.628906 0.687500 0.054688 0.054688
1 0.443359 0.730469 0.035156 0.046875
1 0.398438 0.751953 0.046875 0.042969
1 0.394531 0.642578 0.031250 0.027344
1 0.017578 0.306641 0.027344 0.042969
1 0.052734 0.826172 0.042969 0.042969
0 0.878906 0.718750 0.242188 0.234375
0 0.904297 0.199219 0.113281 0.179688
0 0.800781 0.103516 0.140625 0.199219
0 0.677734 0.062500 0.144531 0.070312
0 0.464844 0.099609 0.203125 0.191406
0 0.302734 0.929688 0.097656 0.140625
0 0.539062 0.585938 0.179688 0.429688
0 0.080078 0.679688 0.152344 0.250000
0 0.164062 0.458984 0.203125 0.199219
0 0.128906 0.361328 0.226562 0.191406
0 0.154297 0.138672 0.160156 0.269531
