0 0.935547 0.480469 0.121094 0.164062
0 0.914062 0.082031 0.093750 0.085938
0 0.083984 0.230469 0.160156 0.257812
1 0.029297 0.335938 0.050781 0.039062
1 0.052734 0.394531 0.050781 0.054688
1 0.375000 0.396484 0.039062 0.035156
1 0.281250 0.431641 0.023438 0.027344
1 0.332031 0.468750 0.031250 0.023438
1 0.349609 0.435547 0.042969 0.050781
1 0.400391 0.451172 0.035156 0.027344
1 0.669922 0.423828 0.027344 0.027344
1 0.900391 0.865234 0.066406 0.066406
1 0.908203 0.027344 0.058594 0.046875
1 0.822266 0.904297 0.035156 0.027344
1 0.300781 0.550781 0.023438 0.023438
1 0.572266 0.785156 0.042969 0.039062
1 0.535156 0.775391 0.039062 0.042969
1 0.298828 0.904297 0.027344 0.027344
1 0.275391 0.767578 0.042969 0.050781
0 0.195312 0.505859 0.218750 0.277344
0 0.367188 0.843750 0.179688 0.273438
0 0.441406 0.587891 0.289062 0.371094
