1 0.693359 0.248047 0.042969 0.035156
1 0.755859 0.343750 0.035156 0.046875
1 0.527344 0.316406 0.031250 0.031250
1 0.037109 0.496094 0.042969 0.039062
1 0.943359 0.640625 0.042969 0.054688
1 0.953125 0.443359 0.046875 0.042969
1 0.777344 0.851562 0.039062 0.031250
1 0.851562 0.875000 0.062500 0.085938
1 0.892578 0.939453 0.066406 0.089844
1 0.947266 0.919922 0.042969 0.050781
1 0.015625 0.226562 0.023438 0.054688
1 0.986328 0.507812 0.027344 0.054688
0 0.419922 0.271484 0.386719 0.175781
0 0.683594 0.429688 0.179688 0.195312
0 0.865234 0.474609 0.207031 0.222656
0 0.960938 0.244141 0.078125 0.121094
0 0.968750 0.597656 0.062500 0.132812
0 0.839844 0.697266 0.148438 0.253906
0 0.121094 0.468750 0.203125 0.156250
0 0.113281 0.623047 0.218750 0.222656
