1 0.154297 0.250000 0.042969 0.039062
1 0.939453 0.283203 0.035156 0.027344
1 0.906250 0.589844 0.031250 0.031250
1 0.078125 0.837891 0.039062 0.035156
1 0.250000 0.925781 0.031250 0.054688
1 0.062500 0.951172 0.046875 0.035156
1 0.105469 0.886719 0.039062 0.031250
0 0.826172 0.148438 0.238281 0.289062
0 0.140625 0.462891 0.210938 0.253906
0 0.031250 0.083984 0.054688 0.066406
0 0.050781 0.261719 0.093750 0.250000
0 0.171875 0.892578 0.187500 0.207031
0 0.767578 0.849609 0.222656 0.269531
0 0.814453 0.607422 0.191406 0.207031
