0 0.320312 0.160156 0.132812 0.101562
0 0.593750 0.212891 0.195312 0.222656
0 0.380859 0.792969 0.121094 0.203125
0 0.933594 0.921875 0.132812 0.156250
0 0.728516 0.966797 0.128906 0.066406
1 0.890625 0.648438 0.054688 0.070312
1 0.720703 0.757812 0.027344 0.031250
1 0.484375 0.443359 0.031250 0.035156
1 0.453125 0.515625 0.031250 0.031250
1 0.378906 0.505859 0.031250 0.035156
1 0.101562 0.988281 0.031250 0.023438
1 0.437500 0.259766 0.070312 0.050781
1 0.472656 0.205078 0.039062 0.050781
1 0.507812 0.128906 0.054688 0.062500
1 0.417969 0.212891 0.031250 0.027344
