1 0.568359 0.425781 0.058594 0.062500
1 0.626953 0.425781 0.058594 0.062500
1 0.685547 0.470703 0.042969 0.035156
1 0.708984 0.447266 0.027344 0.035156
1 0.775391 0.388672 0.042969 0.050781
1 0.794922 0.470703 0.074219 0.050781
1 0.826172 0.322266 0.035156 0.035156
1 0.884766 0.302734 0.042969 0.042969
1 0.746094 0.669922 0.046875 0.042969
1 0.060547 0.232422 0.113281 0.089844
0 0.685547 0.380859 0.089844 0.074219
0 0.462891 0.548828 0.167969 0.160156
0 0.097656 0.421875 0.187500 0.109375
0 0.185547 0.900391 0.230469 0.199219
0 0.933594 0.306641 0.132812 0.324219
