0 0.037109 0.308594 0.066406 0.117188
0 0.062500 0.062500 0.117188 0.117188
0 0.246094 0.275391 0.148438 0.128906
0 0.384766 0.828125 0.167969 0.156250
0 0.082031 0.906250 0.125000 0.140625
0 0.857422 0.898438 0.285156 0.179688
0 0.962891 0.478516 0.074219 0.214844
0 0.250000 0.970703 0.093750 0.058594
1 0.859375 0.511719 0.093750 0.054688
1 0.925781 0.355469 0.054688 0.046875
1 0.345703 0.191406 0.050781 0.039062
1 0.617188 0.707031 0.031250 0.039062
1 0.888672 0.773438 0.027344 0.031250
1 0.957031 0.687500 0.046875 0.054688
1 0.978516 0.720703 0.042969 0.042969
1 0.474609 0.917969 0.042969 0.039062
1 0.396484 0.904297 0.042969 0.042969
1 0.345703 0.970703 0.035156 0.027344
