1 0.890625 0.242188 0.062500 0.039062
1 0.195312 0.832031 0.046875 0.031250
1 0.378906 0.722656 0.054688 0.031250
1 0.029297 0.824219 0.050781 0.070312
1 0.431641 0.933594 0.035156 0.039062
1 0.521484 0.898438 0.027344 0.023438
1 0.443359 0.978516 0.019531 0.019531
1 0.890625 0.968750 0.164062 0.062500
1 0.529297 0.281250 0.042969 0.039062
0 0.808594 0.175781 0.109375 0.085938
0 0.679688 0.189453 0.078125 0.089844
0 0.390625 0.138672 0.273438 0.261719
0 0.072266 0.320312 0.136719 0.210938
0 0.648438 0.841797 0.195312 0.136719
0 0.363281 0.974609 0.109375 0.050781
0 0.376953 0.773438 0.222656 0.195312
0 0.148438 0.791016 0.093750 0.097656
