1 0.656250 0.462891 0.046875 0.035156
1 0.707031 0.453125 0.046875 0.039062
1 0.841797 0.361328 0.035156 0.042969
1 0.820312 0.025391 0.046875 0.042969
1 0.046875 0.257812 0.070312 0.046875
1 0.017578 0.708984 0.027344 0.050781
1 0.773438 0.513672 0.132812 0.082031
0 0.537109 0.494141 0.097656 0.097656
0 0.689453 0.326172 0.277344 0.167969
0 0.158203 0.447266 0.285156 0.113281
0 0.265625 0.566406 0.218750 0.109375
0 0.732422 0.589844 0.160156 0.078125
0 0.490234 0.791016 0.480469 0.152344
0 0.923828 0.478516 0.152344 0.113281
0 0.958984 0.601562 0.082031 0.179688
1 0.851562 0.304688 0.070312 0.046875
1 0.925781 0.312500 0.046875 0.054688
