1 0.615234 0.714844 0.074219 0.039062
1 0.791016 0.318359 0.082031 0.050781
1 0.957031 0.333984 0.070312 0.082031
1 0.978516 0.421875 0.042969 0.078125
1 0.435547 0.037109 0.019531 0.027344
1 0.015625 0.134766 0.023438 0.050781
1 0.052734 0.187500 0.042969 0.039062
0 0.050781 0.052734 0.093750 0.097656
0 0.437500 0.226562 0.187500 0.171875
0 0.093750 0.271484 0.179688 0.160156
0 0.140625 0.453125 0.226562 0.210938
0 0.144531 0.638672 0.218750 0.113281
0 0.093750 0.916016 0.179688 0.152344
0 0.923828 0.695312 0.152344 0.109375
0 0.634766 0.640625 0.160156 0.101562
0 0.468750 0.656250 0.164062 0.125000
0 0.357422 0.716797 0.128906 0.089844
0 0.447266 0.763672 0.167969 0.097656
