1 0.226562 0.298828 0.046875 0.042969
1 0.187500 0.341797 0.046875 0.035156
1 0.076172 0.212891 0.058594 0.050781
1 0.027344 0.199219 0.046875 0.039062
1 0.964844 0.812500 0.070312 0.046875
0 0.041016 0.373047 0.074219 0.082031
0 0.167969 0.169922 0.171875 0.128906
0 0.294922 0.189453 0.105469 0.183594
0 0.955078 0.210938 0.089844 0.109375
0 0.876953 0.691406 0.246094 0.148438
0 0.812500 0.843750 0.312500 0.156250
0 0.699219 0.736328 0.109375 0.246094
0 0.457031 0.847656 0.414062 0.218750
1 0.888672 0.048828 0.074219 0.089844
