1 0.966797 0.562500 0.066406 0.046875
1 0.384766 0.193359 0.042969 0.050781
1 0.167969 0.111328 0.046875 0.035156
1 0.191406 0.134766 0.031250 0.027344
1 0.968750 0.080078 0.039062 0.042969
1 0.957031 0.015625 0.023438 0.023438
0 0.490234 0.306641 0.183594 0.175781
0 0.613281 0.429688 0.109375 0.109375
0 0.769531 0.431641 0.109375 0.128906
0 0.876953 0.492188 0.128906 0.109375
0 0.800781 0.623047 0.101562 0.121094
0 0.730469 0.738281 0.242188 0.218750
0 0.384766 0.638672 0.238281 0.121094
0 0.742188 0.066406 0.132812 0.125000
0 0.847656 0.160156 0.156250 0.125000
0 0.935547 0.308594 0.128906 0.210938
