1 0.890625 0.083984 0.039062 0.027344
1 0.957031 0.103516 0.085938 0.066406
1 0.693359 0.591797 0.027344 0.027344
1 0.755859 0.748047 0.042969 0.058594
1 0.796875 0.859375 0.031250 0.031250
1 0.468750 0.585938 0.039062 0.054688
1 0.113281 0.759766 0.031250 0.027344
1 0.183594 0.939453 0.031250 0.035156
0 0.445312 0.667969 0.148438 0.156250
0 0.541016 0.640625 0.074219 0.085938
0 0.707031 0.662109 0.109375 0.113281
0 0.619141 0.847656 0.230469 0.148438
0 0.759766 0.906250 0.082031 0.085938
0 0.845703 0.945312 0.089844 0.109375
0 0.240234 0.865234 0.074219 0.097656
0 0.107422 0.861328 0.207031 0.183594
