1 0.515625 0.128906 0.062500 0.085938
1 0.568359 0.552734 0.035156 0.042969
1 0.964844 0.119141 0.070312 0.050781
1 0.982422 0.082031 0.035156 0.046875
1 0.279297 0.427734 0.042969 0.082031
1 0.796875 0.210938 0.078125 0.085938
1 0.980469 0.730469 0.039062 0.054688
1 0.417969 0.705078 0.039062 0.050781
1 0.132812 0.763672 0.054688 0.042969
1 0.871094 0.769531 0.078125 0.085938
0 0.884766 0.681641 0.113281 0.097656
0 0.966797 0.412109 0.066406 0.097656
0 0.939453 0.031250 0.082031 0.054688
0 0.892578 0.421875 0.144531 0.421875
0 0.724609 0.316406 0.324219 0.179688
0 0.591797 0.412109 0.199219 0.167969
0 0.333984 0.359375 0.238281 0.148438
0 0.156250 0.330078 0.117188 0.074219
0 0.183594 0.166016 0.359375 0.324219
0 0.640625 0.939453 0.109375 0.121094
0 0.232422 0.539062 0.457031 0.375000
0 0.037109 0.898438 0.066406 0.203125
0 0.800781 0.970703 0.234375 0.058594
0 0.804688 0.847656 0.390625 0.210938
0 0.544922 0.753906 0.199219 0.195312
0 0.412109 0.871094 0.191406 0.226562
0 0.191406 0.900391 0.265625 0.199219
1 0.105469 0.875000 0.070312 0.085938
