0 0.740234 0.072266 0.152344 0.136719
0 0.814453 0.345703 0.207031 0.207031
0 0.951172 0.314453 0.097656 0.082031
0 0.464844 0.224609 0.109375 0.160156
0 0.535156 0.429688 0.335938 0.289062
0 0.751953 0.697266 0.136719 0.191406
0 0.691406 0.896484 0.289062 0.207031
0 0.304688 0.792969 0.203125 0.234375
0 0.251953 0.455078 0.191406 0.253906
0 0.052734 0.292969 0.097656 0.171875
0 0.093750 0.121094 0.179688 0.234375
1 0.226562 0.152344 0.078125 0.085938
1 0.259766 0.236328 0.058594 0.074219
1 0.062500 0.982422 0.046875 0.035156
