1 0.896484 0.533203 0.058594 0.050781
1 0.429688 0.855469 0.085938 0.085938
1 0.589844 0.558594 0.085938 0.062500
1 0.449219 0.230469 0.031250 0.031250
1 0.294922 0.166016 0.042969 0.042969
1 0.335938 0.070312 0.031250 0.039062
1 0.083984 0.361328 0.066406 0.066406
1 0.087891 0.238281 0.035156 0.031250
1 0.171875 0.177734 0.062500 0.042969
0 0.773438 0.863281 0.218750 0.140625
0 0.919922 0.906250 0.160156 0.187500
0 0.554688 0.949219 0.312500 0.101562
0 0.357422 0.720703 0.199219 0.191406
0 0.871094 0.306641 0.250000 0.128906
0 0.953125 0.386719 0.093750 0.109375
0 0.091797 0.082031 0.097656 0.125000
0 0.119141 0.021484 0.105469 0.035156
0 0.031250 0.029297 0.054688 0.050781
0 0.353516 0.171875 0.089844 0.093750
0 0.250000 0.091797 0.195312 0.160156
0 0.447266 0.042969 0.105469 0.078125
0 0.593750 0.080078 0.156250 0.152344
0 0.158203 0.250000 0.308594 0.304688
0 0.421875 0.283203 0.234375 0.160156
0 0.912109 0.089844 0.175781 0.171875
0 0.281250 0.458984 0.351562 0.292969
0 0.453125 0.480469 0.187500 0.117188
0 0.685547 0.437500 0.324219 0.398438
0 0.638672 0.218750 0.222656 0.125000
0 0.724609 0.132812 0.121094 0.070312
0 0.734375 0.048828 0.171875 0.089844
