1 0.371094 0.136719 0.031250 0.031250
1 0.402344 0.125000 0.039062 0.039062
1 0.755859 0.291016 0.027344 0.035156
1 0.925781 0.109375 0.054688 0.085938
1 0.898438 0.675781 0.023438 0.039062
1 0.691406 0.751953 0.039062 0.042969
1 0.269531 0.851562 0.085938 0.031250
1 0.335938 0.884766 0.070312 0.074219
0 0.458984 0.335938 0.324219 0.218750
0 0.166016 0.150391 0.277344 0.292969
0 0.068359 0.306641 0.128906 0.253906
0 0.126953 0.650391 0.128906 0.121094
0 0.447266 0.962891 0.128906 0.066406
0 0.648438 0.906250 0.242188 0.156250
0 0.791016 0.943359 0.097656 0.113281
0 0.845703 0.763672 0.113281 0.152344
0 0.558594 0.091797 0.179688 0.175781
