0 0.734375 0.576172 0.148438 0.183594
0 0.638672 0.900391 0.167969 0.199219
1 0.289062 0.951172 0.054688 0.066406
1 0.173828 0.855469 0.050781 0.093750
1 0.156250 0.781250 0.054688 0.070312
1 0.462891 0.503906 0.027344 0.039062
1 0.363281 0.191406 0.062500 0.078125
1 0.343750 0.302734 0.039062 0.042969
1 0.134766 0.376953 0.035156 0.066406
1 0.144531 0.449219 0.046875 0.054688
1 0.066406 0.500000 0.046875 0.046875
1 0.121094 0.675781 0.062500 0.078125
1 0.115234 0.890625 0.042969 0.031250
1 0.101562 0.835938 0.046875 0.062500
0 0.046875 0.882812 0.078125 0.085938
0 0.935547 0.900391 0.128906 0.167969
0 0.958984 0.240234 0.082031 0.199219
0 0.328125 0.621094 0.148438 0.585938
0 0.222656 0.136719 0.218750 0.265625
0 0.031250 0.222656 0.054688 0.125000
0 0.050781 0.740234 0.070312 0.136719
0 0.050781 0.589844 0.093750 0.187500
0 0.179688 0.556641 0.171875 0.417969
0 0.082031 0.250000 0.156250 0.492188
0 0.578125 0.421875 0.179688 0.335938
0 0.498047 0.226562 0.144531 0.203125
0 0.445312 0.085938 0.093750 0.109375
1 0.484375 0.021484 0.054688 0.035156
