1 0.568359 0.406250 0.066406 0.070312
1 0.646484 0.455078 0.074219 0.050781
1 0.417969 0.750000 0.062500 0.039062
1 0.746094 0.769531 0.078125 0.039062
1 0.050781 0.876953 0.054688 0.042969
1 0.259766 0.462891 0.050781 0.050781
1 0.199219 0.500000 0.093750 0.054688
1 0.060547 0.132812 0.042969 0.054688
1 0.849609 0.136719 0.058594 0.046875
1 0.716797 0.070312 0.027344 0.039062
1 0.039062 0.294922 0.039062 0.050781
0 0.753906 0.171875 0.101562 0.164062
0 0.943359 0.041016 0.074219 0.074219
0 0.767578 0.041016 0.082031 0.074219
0 0.777344 0.396484 0.195312 0.339844
0 0.703125 0.632812 0.265625 0.226562
0 0.888672 0.615234 0.152344 0.183594
0 0.888672 0.880859 0.222656 0.238281
0 0.541016 0.728516 0.230469 0.542969
0 0.248047 0.734375 0.144531 0.156250
0 0.060547 0.960938 0.066406 0.078125
0 0.130859 0.332031 0.128906 0.257812
0 0.031250 0.347656 0.054688 0.125000
0 0.384766 0.048828 0.113281 0.089844
0 0.105469 0.662109 0.203125 0.488281
1 0.132812 0.923828 0.054688 0.058594
0 0.228516 0.162109 0.355469 0.316406
0 0.464844 0.197266 0.117188 0.261719
0 0.613281 0.085938 0.203125 0.164062
