1 0.710938 0.642578 0.046875 0.035156
1 0.707031 0.777344 0.046875 0.046875
1 0.738281 0.832031 0.031250 0.039062
1 0.669922 0.857422 0.089844 0.066406
1 0.042969 0.865234 0.031250 0.027344
1 0.552734 0.457031 0.058594 0.070312
1 0.382812 0.210938 0.117188 0.109375
0 0.822266 0.625000 0.167969 0.289062
0 0.896484 0.917969 0.160156 0.164062
0 0.769531 0.923828 0.125000 0.152344
0 0.568359 0.640625 0.144531 0.148438
0 0.630859 0.326172 0.152344 0.214844
0 0.798828 0.166016 0.238281 0.324219
0 0.595703 0.095703 0.347656 0.183594
0 0.466797 0.058594 0.121094 0.109375
0 0.269531 0.109375 0.171875 0.210938
0 0.396484 0.441406 0.183594 0.484375
0 0.312500 0.410156 0.179688 0.171875
0 0.275391 0.642578 0.121094 0.121094
0 0.195312 0.304688 0.218750 0.195312
0 0.236328 0.767578 0.128906 0.128906
0 0.056641 0.335938 0.105469 0.156250
0 0.125000 0.691406 0.203125 0.406250
0 0.228516 0.955078 0.144531 0.089844
0 0.490234 0.855469 0.222656 0.265625
