1 0.568359 0.400391 0.097656 0.082031
1 0.638672 0.490234 0.074219 0.066406
1 0.712891 0.628906 0.050781 0.046875
1 0.865234 0.605469 0.035156 0.062500
1 0.873047 0.556641 0.042969 0.042969
1 0.837891 0.666016 0.027344 0.035156
1 0.634766 0.808594 0.113281 0.078125
1 0.685547 0.953125 0.035156 0.031250
1 0.718750 0.982422 0.046875 0.035156
1 0.197266 0.906250 0.027344 0.023438
1 0.191406 0.941406 0.031250 0.031250
1 0.183594 0.125000 0.078125 0.070312
1 0.404297 0.597656 0.074219 0.062500
1 0.783203 0.632812 0.105469 0.093750
1 0.652344 0.642578 0.078125 0.082031
1 0.560547 0.583984 0.097656 0.097656
1 0.226562 0.714844 0.078125 0.125000
0 0.824219 0.312500 0.164062 0.312500
0 0.853516 0.847656 0.222656 0.304688
0 0.716797 0.091797 0.128906 0.175781
0 0.583984 0.259766 0.246094 0.246094
0 0.597656 0.029297 0.171875 0.050781
0 0.277344 0.156250 0.109375 0.078125
0 0.363281 0.289062 0.203125 0.187500
0 0.169922 0.294922 0.152344 0.113281
0 0.121094 0.378906 0.117188 0.164062
0 0.130859 0.500000 0.128906 0.101562
0 0.158203 0.597656 0.136719 0.156250
0 0.496094 0.748047 0.140625 0.175781
