1 0.558594 0.630859 0.070312 0.082031
1 0.609375 0.685547 0.062500 0.097656
1 0.615234 0.353516 0.050781 0.050781
1 0.619141 0.277344 0.050781 0.109375
1 0.771484 0.314453 0.042969 0.050781
1 0.806641 0.185547 0.074219 0.042969
1 0.617188 0.126953 0.046875 0.042969
1 0.304688 0.128906 0.039062 0.039062
0 0.263672 0.304688 0.253906 0.257812
0 0.072266 0.265625 0.136719 0.109375
0 0.080078 0.390625 0.152344 0.093750
0 0.875000 0.138672 0.195312 0.269531
1 0.861328 0.195312 0.042969 0.046875
0 0.648438 0.099609 0.203125 0.191406
0 0.814453 0.531250 0.128906 0.132812
0 0.853516 0.396484 0.292969 0.152344
0 0.792969 0.734375 0.156250 0.140625
1 0.894531 0.669922 0.062500 0.082031
1 0.636719 0.820312 0.062500 0.085938
1 0.453125 0.951172 0.101562 0.082031
0 0.533203 0.876953 0.277344 0.246094
0 0.197266 0.814453 0.386719 0.371094
