1 0.638672 0.554688 0.066406 0.062500
1 0.919922 0.062500 0.082031 0.085938
1 0.498047 0.156250 0.058594 0.070312
1 0.275391 0.140625 0.066406 0.054688
1 0.285156 0.640625 0.046875 0.085938
0 0.750000 0.289062 0.210938 0.296875
0 0.466797 0.296875 0.152344 0.257812
0 0.138672 0.468750 0.269531 0.132812
0 0.611328 0.957031 0.097656 0.085938
0 0.941406 0.945312 0.117188 0.109375
0 0.718750 0.707031 0.562500 0.398438
0 0.435547 0.931641 0.160156 0.136719
0 0.312500 0.740234 0.242188 0.519531
0 0.062500 0.728516 0.117188 0.160156
