1 0.035156 0.640625 0.062500 0.046875
1 0.037109 0.677734 0.035156 0.027344
1 0.208984 0.712891 0.042969 0.058594
1 0.947266 0.957031 0.050781 0.039062
1 0.861328 0.462891 0.082031 0.105469
0 0.355469 0.062500 0.132812 0.117188
0 0.162109 0.148438 0.113281 0.132812
0 0.085938 0.060547 0.164062 0.113281
0 0.039062 0.144531 0.070312 0.093750
0 0.357422 0.429688 0.136719 0.117188
0 0.373047 0.533203 0.128906 0.113281
0 0.406250 0.613281 0.085938 0.109375
0 0.656250 0.490234 0.117188 0.144531
0 0.628906 0.330078 0.179688 0.152344
0 0.833984 0.830078 0.191406 0.207031
0 0.488281 0.769531 0.203125 0.093750
0 0.291016 0.802734 0.199219 0.121094
