1 0.380859 0.505859 0.058594 0.042969
1 0.437500 0.458984 0.070312 0.050781
1 0.183594 0.257812 0.031250 0.046875
1 0.029297 0.228516 0.050781 0.035156
1 0.525391 0.222656 0.097656 0.093750
1 0.982422 0.052734 0.035156 0.050781
1 0.144531 0.595703 0.031250 0.027344
1 0.388672 0.554688 0.152344 0.070312
1 0.166016 0.925781 0.121094 0.070312
1 0.029297 0.882812 0.050781 0.078125
0 0.802734 0.380859 0.394531 0.144531
0 0.400391 0.947266 0.183594 0.105469
0 0.119141 0.900391 0.230469 0.199219
0 0.029297 0.777344 0.050781 0.125000
0 0.148438 0.691406 0.289062 0.179688
0 0.083984 0.507812 0.160156 0.296875
0 0.244141 0.453125 0.199219 0.148438
0 0.632812 0.257812 0.734375 0.343750
0 0.544922 0.048828 0.253906 0.089844
0 0.927734 0.058594 0.136719 0.109375
0 0.818359 0.056641 0.089844 0.105469
0 0.306641 0.109375 0.253906 0.148438
0 0.109375 0.152344 0.210938 0.148438
