1 0.738281 0.431641 0.039062 0.050781
1 0.601562 0.480469 0.023438 0.031250
1 0.617188 0.583984 0.062500 0.050781
1 0.701172 0.490234 0.113281 0.082031
1 0.031250 0.445312 0.054688 0.046875
1 0.236328 0.261719 0.089844 0.062500
0 0.904297 0.439453 0.191406 0.214844
0 0.572266 0.570312 0.136719 0.164062
0 0.583984 0.310547 0.308594 0.214844
0 0.476562 0.242188 0.210938 0.132812
0 0.228516 0.355469 0.449219 0.195312
0 0.269531 0.605469 0.148438 0.148438
0 0.044922 0.533203 0.082031 0.152344
0 0.173828 0.494141 0.222656 0.222656
0 0.878906 0.039062 0.140625 0.070312
0 0.880859 0.117188 0.238281 0.210938
