1 0.146484 0.322266 0.035156 0.035156
1 0.195312 0.273438 0.039062 0.023438
1 0.945312 0.314453 0.023438 0.027344
1 0.951172 0.228516 0.050781 0.089844
1 0.765625 0.777344 0.039062 0.031250
1 0.103516 0.974609 0.066406 0.050781
1 0.417969 0.968750 0.070312 0.062500
0 0.939453 0.091797 0.105469 0.175781
0 0.714844 0.177734 0.156250 0.332031
0 0.804688 0.521484 0.140625 0.199219
0 0.154297 0.562500 0.160156 0.140625
0 0.158203 0.164062 0.113281 0.156250
0 0.263672 0.076172 0.082031 0.144531
0 0.490234 0.865234 0.144531 0.167969
0 0.642578 0.939453 0.105469 0.121094
0 0.796875 0.886719 0.132812 0.148438
