1 0.685547 0.330078 0.042969 0.035156
1 0.697266 0.402344 0.027344 0.031250
1 0.966797 0.531250 0.066406 0.054688
1 0.908203 0.158203 0.058594 0.042969
1 0.960938 0.154297 0.062500 0.058594
1 0.962891 0.041016 0.074219 0.035156
1 0.761719 0.113281 0.062500 0.062500
1 0.468750 0.072266 0.054688 0.113281
1 0.335938 0.671875 0.039062 0.070312
1 0.093750 0.705078 0.109375 0.074219
1 0.957031 0.806641 0.085938 0.097656
1 0.019531 0.710938 0.031250 0.070312
1 0.667969 0.019531 0.046875 0.031250
1 0.851562 0.177734 0.054688 0.042969
0 0.451172 0.212891 0.082031 0.183594
0 0.058594 0.093750 0.109375 0.179688
0 0.054688 0.283203 0.101562 0.144531
0 0.107422 0.376953 0.207031 0.527344
0 0.445312 0.373047 0.414062 0.339844
0 0.890625 0.335938 0.218750 0.335938
0 0.246094 0.851562 0.296875 0.156250
0 0.464844 0.902344 0.210938 0.195312
0 0.101562 0.953125 0.187500 0.093750
0 0.904297 0.582031 0.113281 0.093750
0 0.855469 0.691406 0.242188 0.187500
0 0.603516 0.527344 0.542969 0.234375
0 0.703125 0.669922 0.164062 0.175781
0 0.845703 0.832031 0.230469 0.179688
0 0.898438 0.945312 0.203125 0.109375
0 0.671875 0.779297 0.281250 0.425781
