1 0.984375 0.798828 0.031250 0.050781
1 0.431641 0.816406 0.082031 0.062500
1 0.431641 0.570312 0.035156 0.031250
1 0.142578 0.410156 0.050781 0.039062
1 0.052734 0.292969 0.035156 0.031250
1 0.111328 0.248047 0.082031 0.074219
1 0.816406 0.519531 0.046875 0.054688
1 0.960938 0.439453 0.078125 0.097656
0 0.843750 0.744141 0.117188 0.285156
0 0.771484 0.652344 0.105469 0.343750
0 0.886719 0.320312 0.164062 0.226562
0 0.511719 0.529297 0.156250 0.121094
0 0.599609 0.738281 0.082031 0.125000
0 0.533203 0.716797 0.136719 0.183594
0 0.326172 0.654297 0.128906 0.183594
0 0.062500 0.572266 0.085938 0.207031
0 0.058594 0.390625 0.109375 0.210938
0 0.312500 0.298828 0.296875 0.589844
