1 0.603516 0.162109 0.035156 0.027344
1 0.646484 0.177734 0.035156 0.027344
1 0.681641 0.195312 0.027344 0.031250
1 0.880859 0.015625 0.042969 0.023438
1 0.503906 0.029297 0.031250 0.027344
1 0.494141 0.072266 0.027344 0.027344
1 0.017578 0.261719 0.027344 0.062500
1 0.345703 0.546875 0.089844 0.062500
1 0.537109 0.117188 0.074219 0.101562
1 0.962891 0.443359 0.074219 0.089844
1 0.886719 0.736328 0.085938 0.066406
1 0.943359 0.728516 0.027344 0.027344
1 0.826172 0.722656 0.050781 0.046875
1 0.779297 0.730469 0.042969 0.039062
1 0.734375 0.753906 0.039062 0.039062
1 0.666016 0.794922 0.019531 0.027344
1 0.132812 0.917969 0.031250 0.031250
1 0.189453 0.923828 0.042969 0.042969
1 0.240234 0.953125 0.074219 0.031250
1 0.306641 0.968750 0.042969 0.031250
0 0.455078 0.820312 0.378906 0.125000
0 0.677734 0.945312 0.308594 0.109375
0 0.908203 0.947266 0.183594 0.105469
0 0.250000 0.552734 0.101562 0.121094
0 0.113281 0.667969 0.218750 0.179688
