1 0.982422 0.730469 0.035156 0.054688
1 0.433594 0.769531 0.039062 0.031250
1 0.177734 0.603516 0.042969 0.042969
1 0.160156 0.550781 0.031250 0.031250
1 0.322266 0.029297 0.082031 0.050781
1 0.574219 0.515625 0.078125 0.046875
1 0.652344 0.480469 0.039062 0.039062
1 0.785156 0.347656 0.070312 0.054688
1 0.919922 0.488281 0.035156 0.039062
1 0.750000 0.285156 0.023438 0.031250
1 0.933594 0.339844 0.039062 0.046875
1 0.960938 0.326172 0.046875 0.035156
1 0.982422 0.302734 0.035156 0.027344
1 0.873047 0.345703 0.082031 0.058594
0 0.697266 0.400391 0.113281 0.089844
0 0.292969 0.537109 0.125000 0.082031
0 0.451172 0.513672 0.222656 0.089844
0 0.943359 0.708984 0.113281 0.105469
