1 0.919922 0.410156 0.042969 0.046875
1 0.943359 0.294922 0.058594 0.035156
1 0.945312 0.744141 0.046875 0.042969
1 0.976562 0.814453 0.031250 0.027344
1 0.919922 0.957031 0.027344 0.031250
1 0.710938 0.863281 0.062500 0.046875
1 0.761719 0.843750 0.046875 0.039062
1 0.810547 0.638672 0.042969 0.042969
1 0.808594 0.597656 0.031250 0.046875
1 0.326172 0.724609 0.035156 0.042969
1 0.230469 0.777344 0.039062 0.046875
1 0.197266 0.773438 0.035156 0.039062
1 0.291016 0.921875 0.035156 0.039062
1 0.355469 0.574219 0.023438 0.023438
1 0.017578 0.646484 0.027344 0.027344
1 0.320312 0.337891 0.039062 0.035156
1 0.443359 0.416016 0.050781 0.050781
1 0.406250 0.511719 0.039062 0.031250
1 0.218750 0.091797 0.062500 0.074219
1 0.267578 0.080078 0.050781 0.050781
0 0.923828 0.386719 0.152344 0.156250
0 0.792969 0.486328 0.203125 0.222656
0 0.650391 0.662109 0.097656 0.066406
0 0.867188 0.830078 0.265625 0.222656
0 0.593750 0.791016 0.289062 0.175781
0 0.404297 0.791016 0.105469 0.136719
0 0.185547 0.875000 0.300781 0.226562
0 0.404297 0.160156 0.339844 0.234375
0 0.244141 0.064453 0.277344 0.121094
0 0.097656 0.476562 0.187500 0.382812
0 0.275391 0.466797 0.292969 0.246094
