1 0.746094 0.726562 0.062500 0.070312
1 0.707031 0.812500 0.070312 0.078125
1 0.750000 0.837891 0.031250 0.035156
1 0.703125 0.869141 0.023438 0.035156
1 0.597656 0.769531 0.039062 0.031250
1 0.564453 0.865234 0.035156 0.035156
1 0.589844 0.898438 0.054688 0.039062
1 0.205078 0.361328 0.035156 0.035156
1 0.466797 0.109375 0.035156 0.039062
1 0.855469 0.021484 0.039062 0.035156
0 0.853516 0.136719 0.082031 0.195312
0 0.455078 0.029297 0.160156 0.050781
0 0.375000 0.435547 0.195312 0.332031
0 0.859375 0.806641 0.234375 0.121094
