1 0.451172 0.531250 0.042969 0.031250
1 0.578125 0.560547 0.078125 0.042969
1 0.781250 0.388672 0.031250 0.035156
1 0.398438 0.281250 0.031250 0.039062
1 0.392578 0.251953 0.066406 0.035156
1 0.892578 0.148438 0.082031 0.046875
1 0.976562 0.166016 0.031250 0.027344
1 0.984375 0.126953 0.031250 0.035156
0 0.828125 0.673828 0.187500 0.105469
0 0.855469 0.558594 0.289062 0.187500
0 0.548828 0.357422 0.269531 0.222656
0 0.732422 0.470703 0.269531 0.175781
0 0.343750 0.753906 0.187500 0.156250
0 0.189453 0.900391 0.167969 0.183594
0 0.619141 0.847656 0.191406 0.093750
0 0.322266 0.222656 0.089844 0.078125
0 0.275391 0.103516 0.378906 0.144531
0 0.648438 0.087891 0.406250 0.167969
