1 0.884766 0.412109 0.019531 0.035156
1 0.601562 0.886719 0.039062 0.023438
1 0.753906 0.980469 0.039062 0.039062
1 0.634766 0.029297 0.066406 0.050781
1 0.558594 0.068359 0.093750 0.035156
0 0.869141 0.070312 0.167969 0.132812
0 0.509766 0.169922 0.082031 0.183594
0 0.398438 0.107422 0.156250 0.207031
0 0.269531 0.080078 0.132812 0.152344
0 0.361328 0.664062 0.214844 0.125000
0 0.867188 0.724609 0.242188 0.269531
0 0.617188 0.666016 0.289062 0.433594
0 0.648438 0.953125 0.156250 0.093750
0 0.900391 0.398438 0.199219 0.492188
