1 0.619141 0.169922 0.035156 0.035156
1 0.759766 0.224609 0.027344 0.027344
1 0.908203 0.279297 0.035156 0.035156
1 0.953125 0.302734 0.031250 0.035156
1 0.638672 0.371094 0.027344 0.015625
1 0.687500 0.468750 0.039062 0.039062
1 0.964844 0.583984 0.023438 0.027344
1 0.781250 0.650391 0.031250 0.027344
1 0.826172 0.666016 0.035156 0.027344
1 0.773438 0.718750 0.039062 0.031250
1 0.873047 0.839844 0.027344 0.023438
1 0.867188 0.929688 0.039062 0.039062
1 0.826172 0.798828 0.042969 0.050781
1 0.623047 0.812500 0.035156 0.039062
1 0.667969 0.677734 0.031250 0.019531
1 0.562500 0.712891 0.031250 0.035156
1 0.308594 0.744141 0.031250 0.035156
1 0.335938 0.878906 0.031250 0.039062
1 0.373047 0.978516 0.019531 0.027344
1 0.521484 0.984375 0.035156 0.031250
1 0.464844 0.982422 0.031250 0.035156
1 0.550781 0.882812 0.054688 0.046875
1 0.574219 0.945312 0.078125 0.062500
1 0.710938 0.693359 0.070312 0.097656
0 0.392578 0.931641 0.128906 0.136719
0 0.728516 0.869141 0.253906 0.261719
