1 0.255859 0.201172 0.066406 0.058594
1 0.355469 0.318359 0.039062 0.050781
1 0.414062 0.330078 0.023438 0.027344
1 0.353516 0.435547 0.050781 0.042969
1 0.556641 0.605469 0.042969 0.062500
1 0.572266 0.736328 0.035156 0.035156
1 0.564453 0.814453 0.027344 0.027344
1 0.509766 0.935547 0.035156 0.027344
1 0.517578 0.980469 0.035156 0.039062
1 0.335938 0.839844 0.046875 0.039062
1 0.478516 0.808594 0.035156 0.039062
1 0.453125 0.769531 0.046875 0.062500
1 0.431641 0.714844 0.042969 0.046875
1 0.476562 0.669922 0.093750 0.082031
0 0.410156 0.787109 0.250000 0.246094
0 0.462891 0.492188 0.214844 0.304688
