1 0.736328 0.119141 0.042969 0.042969
1 0.664062 0.531250 0.054688 0.046875
1 0.666016 0.337891 0.027344 0.027344
1 0.736328 0.550781 0.027344 0.023438
1 0.769531 0.583984 0.023438 0.027344
1 0.087891 0.496094 0.027344 0.031250
1 0.087891 0.546875 0.035156 0.039062
1 0.265625 0.511719 0.031250 0.023438
1 0.210938 0.558594 0.031250 0.039062
1 0.433594 0.509766 0.031250 0.035156
1 0.466797 0.529297 0.027344 0.019531
1 0.505859 0.519531 0.027344 0.023438
1 0.460938 0.568359 0.023438 0.035156
1 0.572266 0.533203 0.058594 0.042969
1 0.386719 0.537109 0.031250 0.019531
1 0.375000 0.564453 0.031250 0.035156
1 0.642578 0.583984 0.042969 0.035156
1 0.701172 0.568359 0.058594 0.035156
1 0.917969 0.517578 0.031250 0.035156
1 0.787109 0.533203 0.074219 0.066406
1 0.820312 0.589844 0.046875 0.031250
1 0.867188 0.638672 0.031250 0.035156
1 0.968750 0.656250 0.031250 0.031250
1 0.937500 0.611328 0.070312 0.058594
1 0.906250 0.685547 0.046875 0.035156
1 0.898438 0.740234 0.031250 0.027344
1 0.873047 0.712891 0.058594 0.042969
1 0.832031 0.691406 0.054688 0.039062
1 0.720703 0.675781 0.058594 0.031250
1 0.689453 0.660156 0.035156 0.039062
1 0.625000 0.669922 0.046875 0.027344
1 0.761719 0.701172 0.093750 0.074219
1 0.560547 0.710938 0.050781 0.039062
1 0.562500 0.800781 0.039062 0.039062
1 0.482422 0.871094 0.035156 0.039062
1 0.386719 0.970703 0.031250 0.027344
1 0.316406 0.990234 0.023438 0.019531
1 0.250000 0.976562 0.031250 0.023438
1 0.220703 0.962891 0.027344 0.027344
1 0.199219 0.921875 0.023438 0.023438
1 0.173828 0.896484 0.035156 0.019531
1 0.136719 0.650391 0.023438 0.027344
1 0.294922 0.595703 0.042969 0.035156
1 0.253906 0.609375 0.039062 0.062500
1 0.251953 0.650391 0.050781 0.027344
1 0.101562 0.601562 0.070312 0.054688
1 0.062500 0.650391 0.070312 0.050781
1 0.078125 0.689453 0.054688 0.050781
1 0.015625 0.658203 0.023438 0.035156
1 0.193359 0.654297 0.042969 0.035156
1 0.199219 0.615234 0.085938 0.058594
1 0.029297 0.765625 0.050781 0.039062
0 0.662109 0.037109 0.269531 0.066406
0 0.332031 0.750000 0.500000 0.226562
0 0.103516 0.761719 0.160156 0.156250
0 0.078125 0.935547 0.117188 0.128906
1 0.033203 0.595703 0.058594 0.089844
