1 0.443359 0.326172 0.027344 0.027344
1 0.691406 0.267578 0.054688 0.066406
1 0.861328 0.285156 0.058594 0.070312
1 0.818359 0.523438 0.035156 0.031250
1 0.814453 0.619141 0.050781 0.089844
1 0.548828 0.673828 0.089844 0.066406
1 0.486328 0.652344 0.027344 0.031250
1 0.357422 0.677734 0.058594 0.042969
1 0.283203 0.566406 0.042969 0.046875
1 0.117188 0.021484 0.078125 0.035156
1 0.347656 0.623047 0.070312 0.089844
0 0.220703 0.933594 0.128906 0.132812
0 0.080078 0.607422 0.152344 0.128906
0 0.275391 0.640625 0.097656 0.093750
0 0.466797 0.542969 0.191406 0.101562
0 0.763672 0.736328 0.347656 0.121094
0 0.943359 0.806641 0.113281 0.136719
0 0.912109 0.697266 0.175781 0.097656
0 0.839844 0.429688 0.101562 0.132812
0 0.191406 0.042969 0.093750 0.078125
0 0.662109 0.140625 0.113281 0.101562
0 0.906250 0.193359 0.085938 0.128906
0 0.945312 0.367188 0.085938 0.085938
0 0.912109 0.498047 0.175781 0.160156
