1 0.349609 0.537109 0.027344 0.027344
1 0.876953 0.558594 0.035156 0.031250
1 0.951172 0.550781 0.035156 0.039062
1 0.962891 0.589844 0.042969 0.039062
1 0.501953 0.919922 0.035156 0.027344
1 0.330078 0.123047 0.027344 0.027344
1 0.707031 0.134766 0.031250 0.027344
1 0.650391 0.210938 0.074219 0.070312
1 0.376953 0.179688 0.089844 0.062500
1 0.119141 0.267578 0.027344 0.027344
1 0.031250 0.306641 0.054688 0.050781
0 0.669922 0.892578 0.167969 0.128906
0 0.849609 0.730469 0.136719 0.101562
0 0.951172 0.726562 0.097656 0.070312
0 0.552734 0.591797 0.144531 0.183594
0 0.417969 0.935547 0.187500 0.128906
0 0.253906 0.906250 0.125000 0.109375
0 0.091797 0.757812 0.175781 0.242188
0 0.083984 0.468750 0.089844 0.226562
0 0.332031 0.255859 0.281250 0.316406
0 0.435547 0.236328 0.128906 0.105469
0 0.767578 0.214844 0.175781 0.093750
0 0.593750 0.285156 0.218750 0.156250
1 0.875000 0.421875 0.070312 0.078125
1 0.894531 0.634766 0.078125 0.058594
1 0.814453 0.601562 0.082031 0.085938
1 0.984375 0.462891 0.031250 0.035156
0 0.728516 0.609375 0.105469 0.140625
0 0.914062 0.484375 0.117188 0.125000
0 0.802734 0.302734 0.269531 0.230469
