1 0.232422 0.970703 0.066406 0.042969
1 0.472656 0.978516 0.062500 0.042969
1 0.152344 0.595703 0.078125 0.066406
1 0.740234 0.275391 0.042969 0.074219
1 0.253906 0.167969 0.085938 0.085938
0 0.804688 0.171875 0.085938 0.117188
0 0.853516 0.294922 0.082031 0.144531
0 0.779297 0.822266 0.113281 0.152344
0 0.691406 0.642578 0.093750 0.097656
0 0.724609 0.537109 0.238281 0.144531
0 0.429688 0.714844 0.070312 0.101562
0 0.367188 0.763672 0.093750 0.121094
0 0.250000 0.857422 0.109375 0.183594
0 0.037109 0.623047 0.066406 0.097656
0 0.222656 0.457031 0.085938 0.156250
0 0.347656 0.279297 0.093750 0.128906
0 0.447266 0.121094 0.105469 0.132812
