1 0.679688 0.117188 0.031250 0.039062
1 0.771484 0.773438 0.035156 0.039062
1 0.851562 0.867188 0.054688 0.046875
1 0.037109 0.939453 0.035156 0.035156
1 0.589844 0.443359 0.070312 0.105469
0 0.611328 0.132812 0.152344 0.164062
1 0.390625 0.031250 0.078125 0.054688
0 0.943359 0.462891 0.113281 0.191406
0 0.816406 0.513672 0.179688 0.183594
0 0.654297 0.382812 0.105469 0.132812
0 0.429688 0.121094 0.132812 0.156250
0 0.212891 0.173828 0.113281 0.246094
0 0.066406 0.439453 0.125000 0.308594
0 0.396484 0.951172 0.082031 0.097656
0 0.705078 0.888672 0.160156 0.222656
0 0.931641 0.931641 0.136719 0.136719
