1 0.837891 0.152344 0.074219 0.062500
1 0.654297 0.021484 0.050781 0.035156
1 0.271484 0.335938 0.066406 0.070312
1 0.400391 0.335938 0.105469 0.062500
1 0.480469 0.519531 0.078125 0.046875
1 0.376953 0.496094 0.035156 0.039062
1 0.023438 0.105469 0.039062 0.070312
1 0.029297 0.607422 0.050781 0.066406
1 0.728516 0.660156 0.042969 0.046875
1 0.751953 0.613281 0.066406 0.054688
1 0.748047 0.525391 0.042969 0.066406
0 0.923828 0.769531 0.152344 0.460938
0 0.798828 0.867188 0.144531 0.148438
0 0.802734 0.968750 0.113281 0.062500
0 0.609375 0.878906 0.148438 0.148438
0 0.119141 0.912109 0.207031 0.152344
0 0.291016 0.609375 0.230469 0.250000
0 0.457031 0.582031 0.101562 0.109375
0 0.560547 0.630859 0.128906 0.105469
0 0.529297 0.462891 0.214844 0.191406
0 0.869141 0.218750 0.113281 0.085938
0 0.958984 0.162109 0.082031 0.128906
0 0.947266 0.060547 0.105469 0.113281
0 0.662109 0.261719 0.113281 0.101562
0 0.617188 0.173828 0.171875 0.121094
0 0.585938 0.076172 0.101562 0.128906
0 0.347656 0.154297 0.164062 0.300781
0 0.167969 0.216797 0.195312 0.386719
