1 0.904297 0.058594 0.027344 0.023438
1 0.927734 0.023438 0.042969 0.031250
1 0.873047 0.015625 0.050781 0.023438
1 0.162109 0.626953 0.058594 0.058594
1 0.533203 0.896484 0.089844 0.050781
1 0.712891 0.943359 0.074219 0.058594
1 0.781250 0.974609 0.078125 0.050781
1 0.908203 0.771484 0.035156 0.042969
0 0.882812 0.347656 0.132812 0.351562
0 0.636719 0.367188 0.132812 0.148438
0 0.492188 0.505859 0.164062 0.152344
0 0.816406 0.111328 0.117188 0.167969
0 0.660156 0.027344 0.140625 0.046875
0 0.308594 0.140625 0.054688 0.132812
0 0.242188 0.287109 0.140625 0.207031
0 0.048828 0.490234 0.089844 0.246094
0 0.251953 0.630859 0.113281 0.097656
0 0.054688 0.796875 0.101562 0.179688
0 0.076172 0.960938 0.144531 0.078125
0 0.402344 0.853516 0.179688 0.292969
0 0.666016 0.724609 0.277344 0.238281
0 0.867188 0.896484 0.210938 0.207031
