1 0.951172 0.197266 0.035156 0.035156
1 0.236328 0.076172 0.050781 0.042969
1 0.029297 0.652344 0.042969 0.070312
1 0.033203 0.851562 0.050781 0.031250
1 0.041016 0.894531 0.074219 0.046875
1 0.830078 0.097656 0.089844 0.078125
0 0.859375 0.955078 0.093750 0.089844
0 0.615234 0.917969 0.097656 0.078125
0 0.748047 0.757812 0.105469 0.085938
0 0.537109 0.761719 0.339844 0.218750
0 0.632812 0.658203 0.320312 0.105469
0 0.187500 0.707031 0.140625 0.164062
0 0.058594 0.527344 0.109375 0.195312
0 0.115234 0.318359 0.089844 0.160156
0 0.287109 0.507812 0.113281 0.179688
0 0.384766 0.480469 0.121094 0.156250
0 0.890625 0.527344 0.156250 0.328125
0 0.621094 0.451172 0.171875 0.191406
0 0.712891 0.298828 0.097656 0.128906
0 0.619141 0.250000 0.089844 0.148438
0 0.683594 0.050781 0.164062 0.093750
0 0.904297 0.136719 0.191406 0.265625
0 0.337891 0.035156 0.113281 0.062500
0 0.171875 0.099609 0.148438 0.191406
0 0.349609 0.146484 0.136719 0.160156
0 0.457031 0.126953 0.085938 0.121094
