1 0.630859 0.515625 0.035156 0.046875
1 0.343750 0.775391 0.062500 0.042969
1 0.464844 0.699219 0.054688 0.046875
1 0.408203 0.724609 0.074219 0.074219
1 0.505859 0.968750 0.035156 0.031250
1 0.396484 0.423828 0.074219 0.058594
1 0.486328 0.384766 0.058594 0.058594
1 0.542969 0.369141 0.046875 0.050781
1 0.593750 0.324219 0.046875 0.046875
1 0.306641 0.322266 0.050781 0.058594
1 0.335938 0.382812 0.054688 0.078125
1 0.265625 0.359375 0.039062 0.031250
1 0.107422 0.500000 0.082031 0.046875
1 0.117188 0.875000 0.054688 0.078125
0 0.966797 0.728516 0.066406 0.105469
0 0.927734 0.050781 0.097656 0.093750
0 0.802734 0.212891 0.371094 0.324219
0 0.572266 0.625000 0.167969 0.140625
0 0.685547 0.884766 0.175781 0.121094
0 0.613281 0.937500 0.132812 0.125000
0 0.142578 0.601562 0.277344 0.210938
0 0.296875 0.595703 0.304688 0.261719
0 0.093750 0.750000 0.109375 0.179688
0 0.195312 0.429688 0.164062 0.140625
0 0.052734 0.345703 0.097656 0.121094
0 0.251953 0.214844 0.128906 0.164062
0 0.310547 0.150391 0.144531 0.160156
0 0.478516 0.265625 0.167969 0.218750
