1 0.185547 0.644531 0.066406 0.054688
1 0.685547 0.773438 0.050781 0.085938
1 0.783203 0.771484 0.050781 0.042969
1 0.968750 0.757812 0.062500 0.039062
1 0.613281 0.851562 0.101562 0.070312
1 0.351562 0.300781 0.093750 0.054688
1 0.615234 0.292969 0.058594 0.070312
1 0.375000 0.714844 0.070312 0.093750
1 0.482422 0.697266 0.136719 0.082031
1 0.798828 0.525391 0.019531 0.027344
0 0.490234 0.316406 0.175781 0.109375
0 0.281250 0.757812 0.195312 0.195312
0 0.587891 0.925781 0.238281 0.148438
0 0.912109 0.857422 0.175781 0.183594
0 0.072266 0.931641 0.136719 0.136719
0 0.070312 0.753906 0.132812 0.125000
0 0.630859 0.603516 0.214844 0.144531
0 0.701172 0.681641 0.113281 0.113281
0 0.933594 0.673828 0.132812 0.160156
0 0.970703 0.580078 0.058594 0.082031
0 0.800781 0.441406 0.398438 0.187500
0 0.205078 0.496094 0.292969 0.156250
0 0.457031 0.458984 0.234375 0.136719
0 0.398438 0.546875 0.171875 0.070312
