1 0.419922 0.617188 0.027344 0.039062
1 0.398438 0.486328 0.039062 0.042969
1 0.357422 0.482422 0.042969 0.042969
1 0.404297 0.431641 0.066406 0.050781
1 0.349609 0.394531 0.050781 0.046875
1 0.236328 0.275391 0.050781 0.042969
1 0.117188 0.240234 0.031250 0.035156
1 0.412109 0.531250 0.089844 0.054688
0 0.687500 0.384766 0.140625 0.167969
0 0.544922 0.125000 0.105469 0.109375
0 0.369141 0.667969 0.144531 0.148438
0 0.539062 0.832031 0.148438 0.179688
0 0.275391 0.167969 0.128906 0.140625
0 0.175781 0.208984 0.179688 0.167969
