1 0.755859 0.472656 0.035156 0.046875
1 0.564453 0.470703 0.042969 0.035156
1 0.599609 0.427734 0.074219 0.082031
1 0.667969 0.234375 0.031250 0.054688
1 0.658203 0.173828 0.027344 0.027344
1 0.630859 0.142578 0.035156 0.027344
1 0.580078 0.150391 0.035156 0.027344
1 0.708984 0.023438 0.027344 0.039062
1 0.820312 0.013672 0.031250 0.019531
1 0.560547 0.556641 0.027344 0.027344
1 0.558594 0.597656 0.039062 0.039062
1 0.632812 0.654297 0.039062 0.042969
1 0.669922 0.638672 0.035156 0.035156
0 0.175781 0.107422 0.281250 0.199219
0 0.541016 0.216797 0.199219 0.347656
0 0.523438 0.046875 0.179688 0.085938
0 0.628906 0.064453 0.078125 0.121094
