1 0.509766 0.642578 0.050781 0.050781
1 0.314453 0.644531 0.035156 0.031250
1 0.144531 0.351562 0.023438 0.031250
1 0.019531 0.248047 0.031250 0.027344
1 0.009766 0.187500 0.011719 0.023438
1 0.009766 0.160156 0.011719 0.023438
1 0.035156 0.091797 0.046875 0.066406
1 0.033203 0.039062 0.058594 0.039062
1 0.031250 0.013672 0.046875 0.019531
1 0.085938 0.011719 0.054688 0.015625
1 0.699219 0.863281 0.031250 0.031250
1 0.732422 0.923828 0.042969 0.066406
1 0.765625 0.980469 0.062500 0.039062
1 0.572266 0.849609 0.027344 0.027344
1 0.589844 0.884766 0.046875 0.035156
0 0.656250 0.943359 0.140625 0.113281
