0 0.279297 0.714844 0.082031 0.101562
0 0.207031 0.800781 0.140625 0.156250
1 0.837891 0.572266 0.035156 0.035156
1 0.798828 0.529297 0.027344 0.027344
1 0.310547 0.498047 0.027344 0.035156
1 0.238281 0.433594 0.046875 0.039062
1 0.269531 0.416016 0.031250 0.027344
1 0.419922 0.888672 0.027344 0.027344
1 0.322266 0.777344 0.019531 0.023438
1 0.318359 0.869141 0.050781 0.042969
1 0.265625 0.970703 0.039062 0.027344
1 0.080078 0.816406 0.035156 0.046875
1 0.125000 0.832031 0.023438 0.015625
1 0.177734 0.894531 0.066406 0.062500
1 0.136719 0.949219 0.039062 0.062500
1 0.089844 0.929688 0.070312 0.085938
