1 0.837891 0.167969 0.035156 0.031250
1 0.277344 0.312500 0.031250 0.039062
1 0.060547 0.300781 0.035156 0.023438
1 0.380859 0.992188 0.027344 0.015625
1 0.427734 0.992188 0.042969 0.015625
1 0.490234 0.982422 0.042969 0.027344
1 0.912109 0.984375 0.042969 0.031250
1 0.224609 0.943359 0.027344 0.027344
1 0.554688 0.951172 0.054688 0.058594
1 0.740234 0.937500 0.042969 0.031250
1 0.644531 0.988281 0.039062 0.023438
1 0.839844 0.927734 0.046875 0.042969
1 0.912109 0.935547 0.027344 0.019531
1 0.927734 0.914062 0.050781 0.023438
1 0.964844 0.898438 0.023438 0.023438
1 0.603516 0.935547 0.035156 0.035156
1 0.654297 0.867188 0.042969 0.039062
1 0.689453 0.851562 0.074219 0.039062
1 0.730469 0.792969 0.031250 0.031250
1 0.896484 0.707031 0.027344 0.023438
1 0.931641 0.652344 0.035156 0.039062
1 0.986328 0.574219 0.027344 0.031250
0 0.968750 0.630859 0.062500 0.066406
0 0.667969 0.925781 0.109375 0.101562
0 0.855469 0.833984 0.289062 0.175781
