1 0.949219 0.298828 0.031250 0.042969
1 0.978516 0.148438 0.042969 0.054688
1 0.964844 0.066406 0.070312 0.062500
1 0.746094 0.111328 0.062500 0.066406
1 0.751953 0.037109 0.066406 0.066406
1 0.480469 0.041016 0.046875 0.058594
1 0.529297 0.080078 0.042969 0.042969
1 0.599609 0.126953 0.035156 0.035156
1 0.607422 0.154297 0.027344 0.027344
1 0.587891 0.082031 0.019531 0.023438
1 0.617188 0.097656 0.015625 0.023438
1 0.695312 0.257812 0.054688 0.039062
1 0.437500 0.330078 0.031250 0.035156
1 0.273438 0.306641 0.031250 0.035156
1 0.095703 0.167969 0.027344 0.023438
1 0.033203 0.232422 0.027344 0.027344
1 0.269531 0.123047 0.039062 0.035156
1 0.257812 0.142578 0.023438 0.027344
1 0.212891 0.039062 0.050781 0.039062
1 0.375000 0.478516 0.031250 0.042969
1 0.365234 0.501953 0.027344 0.035156
1 0.486328 0.490234 0.035156 0.035156
1 0.212891 0.498047 0.027344 0.027344
1 0.160156 0.580078 0.023438 0.019531
1 0.250000 0.666016 0.023438 0.050781
1 0.335938 0.697266 0.039062 0.035156
1 0.417969 0.697266 0.046875 0.042969
1 0.421875 0.623047 0.054688 0.050781
1 0.470703 0.666016 0.074219 0.058594
1 0.568359 0.564453 0.074219 0.082031
1 0.503906 0.607422 0.039062 0.058594
1 0.470703 0.589844 0.035156 0.031250
1 0.462891 0.554688 0.035156 0.031250
1 0.732422 0.458984 0.027344 0.019531
1 0.886719 0.337891 0.023438 0.027344
1 0.964844 0.019531 0.070312 0.031250
1 0.568359 0.398438 0.035156 0.031250
1 0.603516 0.375000 0.058594 0.039062
1 0.312500 0.742188 0.085938 0.054688
1 0.302734 0.777344 0.035156 0.023438
1 0.283203 0.845703 0.042969 0.050781
1 0.457031 0.894531 0.031250 0.031250
1 0.246094 0.904297 0.039062 0.035156
1 0.191406 0.867188 0.039062 0.039062
1 0.113281 0.839844 0.054688 0.039062
1 0.083984 0.804688 0.066406 0.039062
1 0.080078 0.949219 0.050781 0.039062
1 0.628906 0.498047 0.031250 0.027344
1 0.640625 0.515625 0.023438 0.023438
1 0.480469 0.310547 0.062500 0.035156
1 0.517578 0.343750 0.058594 0.023438
1 0.541016 0.310547 0.066406 0.042969
1 0.500000 0.125000 0.062500 0.039062
0 0.574219 0.250000 0.132812 0.117188
0 0.632812 0.322266 0.140625 0.105469
0 0.181641 0.716797 0.144531 0.105469
0 0.080078 0.111328 0.152344 0.214844
0 0.390625 0.142578 0.304688 0.277344
0 0.609375 0.050781 0.242188 0.093750
0 0.816406 0.253906 0.367188 0.500000
