1 0.921875 0.644531 0.046875 0.062500
1 0.904297 0.730469 0.035156 0.039062
1 0.876953 0.826172 0.058594 0.058594
1 0.865234 0.919922 0.035156 0.035156
1 0.902344 0.933594 0.062500 0.062500
1 0.798828 0.785156 0.097656 0.070312
1 0.478516 0.519531 0.074219 0.062500
1 0.443359 0.447266 0.082031 0.066406
1 0.361328 0.400391 0.082031 0.066406
1 0.230469 0.691406 0.062500 0.070312
1 0.230469 0.484375 0.046875 0.054688
1 0.490234 0.732422 0.042969 0.035156
0 0.033203 0.919922 0.058594 0.050781
0 0.480469 0.816406 0.140625 0.109375
0 0.351562 0.634766 0.250000 0.277344
0 0.552734 0.669922 0.207031 0.253906
0 0.691406 0.775391 0.101562 0.082031
0 0.068359 0.230469 0.128906 0.304688
