1 0.826172 0.316406 0.035156 0.031250
1 0.599609 0.513672 0.035156 0.035156
1 0.558594 0.535156 0.062500 0.085938
1 0.681641 0.429688 0.035156 0.039062
1 0.507812 0.564453 0.070312 0.058594
1 0.404297 0.791016 0.042969 0.035156
1 0.966797 0.591797 0.066406 0.113281
1 0.855469 0.162109 0.031250 0.035156
1 0.916016 0.140625 0.042969 0.039062
1 0.578125 0.089844 0.054688 0.062500
1 0.521484 0.097656 0.027344 0.023438
1 0.419922 0.197266 0.042969 0.058594
1 0.509766 0.429688 0.042969 0.039062
1 0.357422 0.240234 0.066406 0.050781
1 0.228516 0.173828 0.042969 0.050781
1 0.048828 0.218750 0.050781 0.039062
1 0.050781 0.283203 0.062500 0.058594
1 0.097656 0.964844 0.062500 0.070312
0 0.578125 0.033203 0.257812 0.058594
0 0.640625 0.330078 0.226562 0.167969
0 0.806641 0.224609 0.121094 0.121094
0 0.859375 0.373047 0.242188 0.386719
0 0.755859 0.673828 0.144531 0.121094
0 0.830078 0.826172 0.167969 0.347656
0 0.929688 0.892578 0.140625 0.214844
0 0.667969 0.742188 0.156250 0.218750
0 0.525391 0.755859 0.167969 0.332031
0 0.330078 0.640625 0.152344 0.351562
0 0.474609 0.322266 0.136719 0.214844
0 0.072266 0.095703 0.136719 0.183594
0 0.230469 0.240234 0.164062 0.113281
0 0.093750 0.468750 0.125000 0.234375
0 0.052734 0.544922 0.097656 0.285156
0 0.044922 0.353516 0.082031 0.136719
