1 0.939453 0.138672 0.035156 0.027344
1 0.787109 0.027344 0.042969 0.046875
1 0.638672 0.070312 0.050781 0.132812
1 0.525391 0.037109 0.082031 0.066406
1 0.654297 0.394531 0.042969 0.046875
1 0.171875 0.232422 0.125000 0.113281
1 0.052734 0.804688 0.042969 0.039062
1 0.859375 0.822266 0.039062 0.035156
1 0.982422 0.281250 0.035156 0.070312
0 0.253906 0.800781 0.281250 0.085938
0 0.076172 0.953125 0.144531 0.093750
0 0.048828 0.373047 0.089844 0.113281
0 0.355469 0.263672 0.257812 0.214844
0 0.578125 0.218750 0.117188 0.164062
0 0.525391 0.421875 0.183594 0.203125
0 0.537109 0.585938 0.105469 0.132812
0 0.810547 0.585938 0.230469 0.117188
0 0.701172 0.728516 0.136719 0.113281
0 0.876953 0.775391 0.246094 0.191406
0 0.830078 0.292969 0.292969 0.250000
0 0.837891 0.509766 0.324219 0.214844
1 0.968750 0.439453 0.062500 0.097656
