1 0.917969 0.039062 0.023438 0.023438
1 0.130859 0.214844 0.058594 0.039062
1 0.162109 0.251953 0.066406 0.050781
1 0.359375 0.312500 0.031250 0.023438
1 0.380859 0.343750 0.035156 0.039062
1 0.349609 0.359375 0.050781 0.031250
1 0.169922 0.660156 0.035156 0.023438
1 0.167969 0.517578 0.046875 0.035156
1 0.142578 0.458984 0.074219 0.074219
1 0.390625 0.566406 0.062500 0.085938
1 0.341797 0.691406 0.066406 0.062500
1 0.097656 0.623047 0.070312 0.058594
1 0.064453 0.656250 0.035156 0.039062
1 0.025391 0.640625 0.042969 0.046875
1 0.121094 0.947266 0.093750 0.105469
0 0.642578 0.175781 0.246094 0.234375
0 0.464844 0.296875 0.203125 0.187500
0 0.257812 0.281250 0.187500 0.203125
0 0.052734 0.072266 0.097656 0.136719
0 0.326172 0.576172 0.097656 0.175781
0 0.224609 0.500000 0.136719 0.132812
0 0.091797 0.513672 0.097656 0.183594
0 0.041016 0.947266 0.074219 0.105469
