1 0.705078 0.128906 0.035156 0.039062
1 0.666016 0.205078 0.042969 0.042969
1 0.867188 0.107422 0.031250 0.027344
1 0.912109 0.039062 0.058594 0.039062
1 0.876953 0.388672 0.027344 0.027344
1 0.845703 0.378906 0.066406 0.054688
1 0.781250 0.554688 0.039062 0.039062
1 0.798828 0.589844 0.035156 0.046875
1 0.972656 0.876953 0.054688 0.042969
1 0.533203 0.925781 0.042969 0.046875
1 0.552734 0.882812 0.027344 0.023438
1 0.544922 0.845703 0.027344 0.027344
1 0.484375 0.847656 0.046875 0.054688
1 0.437500 0.853516 0.031250 0.035156
1 0.361328 0.982422 0.050781 0.035156
1 0.425781 0.738281 0.031250 0.039062
1 0.378906 0.703125 0.031250 0.031250
1 0.093750 0.417969 0.039062 0.023438
1 0.156250 0.435547 0.070312 0.058594
1 0.144531 0.234375 0.070312 0.085938
1 0.058594 0.433594 0.070312 0.054688
1 0.220703 0.449219 0.066406 0.062500
1 0.544922 0.302734 0.042969 0.042969
1 0.861328 0.074219 0.089844 0.070312
1 0.886719 0.150391 0.062500 0.089844
1 0.330078 0.701172 0.050781 0.074219
0 0.919922 0.583984 0.160156 0.128906
0 0.951172 0.160156 0.097656 0.210938
0 0.523438 0.056641 0.078125 0.105469
0 0.734375 0.361328 0.179688 0.128906
0 0.574219 0.343750 0.164062 0.093750
0 0.082031 0.318359 0.156250 0.160156
0 0.175781 0.496094 0.125000 0.101562
0 0.205078 0.597656 0.097656 0.117188
0 0.410156 0.943359 0.078125 0.113281
