1 0.505859 0.392578 0.042969 0.042969
1 0.589844 0.296875 0.070312 0.046875
1 0.873047 0.296875 0.066406 0.046875
1 0.976562 0.234375 0.039062 0.039062
1 0.951172 0.142578 0.066406 0.074219
1 0.826172 0.121094 0.066406 0.054688
1 0.746094 0.121094 0.039062 0.031250
1 0.671875 0.033203 0.031250 0.027344
1 0.240234 0.152344 0.042969 0.046875
1 0.294922 0.152344 0.050781 0.046875
1 0.273438 0.183594 0.031250 0.031250
1 0.306641 0.222656 0.035156 0.031250
1 0.492188 0.277344 0.031250 0.031250
1 0.548828 0.242188 0.035156 0.031250
1 0.660156 0.791016 0.023438 0.019531
0 0.105469 0.121094 0.203125 0.234375
0 0.332031 0.462891 0.203125 0.199219
0 0.804688 0.470703 0.250000 0.183594
0 0.746094 0.720703 0.179688 0.175781
0 0.775391 0.242188 0.253906 0.179688
