1 0.617188 0.716797 0.046875 0.058594
1 0.632812 0.818359 0.031250 0.027344
1 0.947266 0.810547 0.058594 0.074219
1 0.707031 0.853516 0.046875 0.074219
1 0.677734 0.898438 0.019531 0.023438
1 0.742188 0.931641 0.078125 0.082031
1 0.589844 0.869141 0.070312 0.097656
1 0.570312 0.923828 0.054688 0.066406
1 0.550781 0.988281 0.023438 0.023438
0 0.300781 0.964844 0.101562 0.070312
0 0.464844 0.429688 0.109375 0.226562
0 0.572266 0.433594 0.097656 0.171875
0 0.525391 0.269531 0.089844 0.210938
0 0.611328 0.123047 0.097656 0.136719
0 0.689453 0.207031 0.152344 0.171875
0 0.818359 0.212891 0.121094 0.222656
0 0.900391 0.470703 0.175781 0.261719
0 0.835938 0.662109 0.195312 0.292969
