1 0.396484 0.335938 0.027344 0.023438
1 0.892578 0.208984 0.050781 0.074219
1 0.257812 0.091797 0.023438 0.027344
1 0.626953 0.589844 0.042969 0.046875
1 0.931641 0.732422 0.097656 0.121094
0 0.828125 0.494141 0.148438 0.457031
0 0.701172 0.773438 0.363281 0.453125
0 0.140625 0.142578 0.218750 0.277344
0 0.138672 0.431641 0.269531 0.417969
0 0.283203 0.662109 0.285156 0.347656
0 0.339844 0.466797 0.117188 0.199219
0 0.384766 0.259766 0.136719 0.199219
0 0.488281 0.318359 0.203125 0.207031
1 0.294922 0.306641 0.074219 0.105469
1 0.312500 0.140625 0.093750 0.101562
