1 0.880859 0.085938 0.074219 0.101562
1 0.947266 0.058594 0.050781 0.054688
1 0.949219 0.812500 0.062500 0.085938
1 0.691406 0.945312 0.132812 0.109375
1 0.767578 0.960938 0.082031 0.078125
1 0.392578 0.500000 0.035156 0.039062
1 0.417969 0.556641 0.062500 0.082031
1 0.025391 0.787109 0.042969 0.050781
0 0.687500 0.251953 0.453125 0.246094
0 0.796875 0.443359 0.117188 0.160156
0 0.884766 0.525391 0.128906 0.167969
0 0.851562 0.763672 0.210938 0.332031
0 0.451172 0.662109 0.128906 0.152344
0 0.437500 0.847656 0.148438 0.210938
0 0.353516 0.964844 0.128906 0.070312
0 0.044922 0.283203 0.082031 0.160156
0 0.046875 0.132812 0.085938 0.187500
0 0.119141 0.048828 0.152344 0.089844
