1 0.757812 0.853516 0.039062 0.035156
1 0.806641 0.861328 0.058594 0.050781
1 0.800781 0.919922 0.046875 0.042969
1 0.732422 0.947266 0.050781 0.066406
1 0.677734 0.146484 0.082031 0.089844
1 0.363281 0.763672 0.062500 0.089844
1 0.546875 0.882812 0.078125 0.062500
0 0.105469 0.068359 0.203125 0.128906
0 0.208984 0.314453 0.410156 0.285156
0 0.144531 0.673828 0.187500 0.105469
0 0.337891 0.589844 0.199219 0.125000
0 0.080078 0.828125 0.152344 0.164062
0 0.505859 0.726562 0.207031 0.140625
0 0.587891 0.843750 0.136719 0.101562
0 0.894531 0.941406 0.210938 0.117188
0 0.716797 0.572266 0.269531 0.183594
0 0.833984 0.060547 0.277344 0.113281
