0 0.695312 0.177734 0.156250 0.152344
0 0.730469 0.783203 0.140625 0.152344
0 0.896484 0.814453 0.207031 0.128906
0 0.195312 0.851562 0.125000 0.210938
0 0.306641 0.498047 0.136719 0.292969
0 0.503906 0.064453 0.359375 0.121094
0 0.060547 0.654297 0.113281 0.136719
0 0.267578 0.277344 0.089844 0.140625
1 0.927734 0.027344 0.058594 0.046875
1 0.855469 0.068359 0.039062 0.050781
1 0.326172 0.300781 0.042969 0.031250
1 0.376953 0.146484 0.035156 0.035156
1 0.640625 0.511719 0.023438 0.031250
1 0.125000 0.728516 0.062500 0.058594
