1 0.935547 0.185547 0.058594 0.058594
1 0.982422 0.117188 0.035156 0.046875
1 0.115234 0.107422 0.050781 0.050781
1 0.101562 0.136719 0.031250 0.031250
1 0.017578 0.201172 0.027344 0.035156
1 0.263672 0.263672 0.027344 0.027344
1 0.097656 0.345703 0.054688 0.042969
1 0.119141 0.451172 0.042969 0.042969
1 0.158203 0.453125 0.035156 0.031250
1 0.197266 0.500000 0.042969 0.046875
1 0.242188 0.484375 0.046875 0.046875
1 0.119141 0.503906 0.027344 0.023438
1 0.093750 0.681641 0.031250 0.035156
1 0.023438 0.695312 0.031250 0.031250
0 0.523438 0.201172 0.179688 0.175781
0 0.250000 0.154297 0.226562 0.144531
0 0.054688 0.585938 0.101562 0.281250
0 0.130859 0.832031 0.253906 0.078125
0 0.111328 0.953125 0.214844 0.093750
0 0.812500 0.613281 0.375000 0.148438
