1 0.472656 0.080078 0.070312 0.105469
1 0.773438 0.041016 0.070312 0.074219
1 0.671875 0.257812 0.039062 0.039062
1 0.720703 0.308594 0.050781 0.054688
1 0.705078 0.539062 0.066406 0.078125
1 0.339844 0.863281 0.046875 0.046875
1 0.292969 0.886719 0.070312 0.062500
1 0.972656 0.916016 0.054688 0.074219
0 0.339844 0.042969 0.093750 0.078125
0 0.312500 0.199219 0.210938 0.203125
0 0.494141 0.250000 0.253906 0.234375
0 0.828125 0.330078 0.187500 0.316406
0 0.816406 0.574219 0.156250 0.179688
0 0.628906 0.431641 0.132812 0.199219
0 0.351562 0.431641 0.203125 0.160156
0 0.435547 0.605469 0.316406 0.156250
0 0.851562 0.833984 0.296875 0.269531
