1 0.941406 0.119141 0.031250 0.027344
1 0.796875 0.060547 0.046875 0.058594
1 0.630859 0.078125 0.050781 0.046875
1 0.664062 0.271484 0.093750 0.113281
1 0.062500 0.521484 0.031250 0.027344
0 0.187500 0.722656 0.164062 0.234375
0 0.572266 0.673828 0.332031 0.253906
0 0.117188 0.402344 0.070312 0.132812
0 0.781250 0.156250 0.203125 0.187500
0 0.453125 0.349609 0.125000 0.136719
0 0.402344 0.189453 0.132812 0.269531
0 0.105469 0.042969 0.093750 0.078125
0 0.312500 0.041016 0.351562 0.074219
1 0.179688 0.384766 0.085938 0.089844
1 0.109375 0.488281 0.039062 0.070312
1 0.630859 0.025391 0.058594 0.042969
1 0.970703 0.054688 0.058594 0.101562
