1 0.744141 0.556641 0.042969 0.042969
1 0.451172 0.617188 0.042969 0.039062
1 0.335938 0.570312 0.039062 0.046875
1 0.080078 0.347656 0.050781 0.070312
1 0.154297 0.337891 0.082031 0.066406
1 0.039062 0.021484 0.070312 0.035156
1 0.394531 0.871094 0.070312 0.070312
1 0.353516 0.925781 0.035156 0.039062
1 0.292969 0.984375 0.046875 0.031250
0 0.171875 0.089844 0.179688 0.148438
0 0.060547 0.138672 0.113281 0.121094
0 0.208984 0.259766 0.136719 0.113281
0 0.376953 0.298828 0.199219 0.191406
0 0.607422 0.470703 0.199219 0.121094
0 0.873047 0.505859 0.253906 0.300781
0 0.605469 0.828125 0.187500 0.171875
1 0.595703 0.953125 0.074219 0.093750
