1 0.859375 0.511719 0.062500 0.031250
1 0.972656 0.412109 0.054688 0.058594
1 0.984375 0.359375 0.031250 0.031250
1 0.591797 0.691406 0.058594 0.031250
1 0.605469 0.103516 0.101562 0.058594
1 0.587891 0.015625 0.058594 0.023438
0 0.484375 0.167969 0.125000 0.125000
0 0.136719 0.552734 0.265625 0.089844
0 0.285156 0.740234 0.156250 0.113281
0 0.480469 0.763672 0.132812 0.074219
0 0.400391 0.667969 0.261719 0.156250
0 0.710938 0.107422 0.289062 0.207031
0 0.861328 0.341797 0.214844 0.089844
0 0.650391 0.396484 0.324219 0.121094
0 0.798828 0.587891 0.402344 0.277344
