1 0.361328 0.488281 0.042969 0.039062
1 0.390625 0.705078 0.070312 0.066406
1 0.242188 0.578125 0.039062 0.039062
1 0.595703 0.898438 0.042969 0.054688
1 0.343750 0.890625 0.039062 0.031250
1 0.296875 0.933594 0.039062 0.039062
1 0.150391 0.599609 0.074219 0.050781
1 0.027344 0.818359 0.031250 0.035156
1 0.072266 0.970703 0.058594 0.058594
0 0.207031 0.951172 0.078125 0.097656
0 0.587891 0.591797 0.128906 0.230469
0 0.855469 0.240234 0.289062 0.324219
0 0.519531 0.162109 0.132812 0.316406
0 0.316406 0.150391 0.109375 0.144531
0 0.212891 0.117188 0.238281 0.226562
0 0.347656 0.328125 0.281250 0.359375
0 0.675781 0.666016 0.171875 0.425781
0 0.033203 0.521484 0.058594 0.128906
0 0.058594 0.664062 0.109375 0.187500
0 0.140625 0.744141 0.156250 0.238281
0 0.353516 0.765625 0.308594 0.250000
0 0.492188 0.861328 0.226562 0.238281
