1 0.068359 0.382812 0.027344 0.023438
1 0.539062 0.441406 0.117188 0.078125
1 0.015625 0.017578 0.023438 0.027344
1 0.039062 0.037109 0.023438 0.027344
1 0.501953 0.736328 0.050781 0.050781
1 0.134766 0.763672 0.042969 0.050781
0 0.341797 0.353516 0.277344 0.167969
0 0.093750 0.326172 0.179688 0.152344
0 0.062500 0.513672 0.117188 0.167969
0 0.066406 0.697266 0.125000 0.128906
0 0.861328 0.796875 0.152344 0.085938
0 0.806641 0.669922 0.386719 0.246094
0 0.611328 0.845703 0.175781 0.121094
0 0.417969 0.675781 0.273438 0.328125
0 0.414062 0.839844 0.351562 0.320312
