1 0.367188 0.806641 0.039062 0.042969
0 0.771484 0.576172 0.105469 0.191406
0 0.667969 0.574219 0.140625 0.437500
0 0.671875 0.912109 0.109375 0.175781
0 0.572266 0.839844 0.128906 0.320312
0 0.421875 0.835938 0.117188 0.226562
0 0.421875 0.974609 0.117188 0.050781
0 0.152344 0.066406 0.101562 0.125000
0 0.412109 0.031250 0.105469 0.054688
0 0.367188 0.089844 0.117188 0.148438
0 0.613281 0.304688 0.132812 0.265625
0 0.607422 0.097656 0.199219 0.187500
0 0.236328 0.250000 0.136719 0.273438
0 0.220703 0.458984 0.269531 0.496094
0 0.484375 0.216797 0.171875 0.332031
0 0.392578 0.259766 0.183594 0.246094
0 0.382812 0.462891 0.179688 0.199219
